 diff1           5           8 -2.05798050000000022E-003 -1.94461053026327257E-003
 diff1           5           9  4.67137999999999999E-005  8.54028324953045513E-005
 diff1           5          10 -8.94843000000000065E-005 -8.10151975328209780E-006
 diff1           5          11 -3.22208799999999991E-004 -1.92290784303319085E-004
 diff1           6           8  5.80575910000000021E-003  5.77524027172871251E-003
 diff1           6           9  5.83838030000000032E-003  5.80581033096556984E-003
 diff1           6          10 -3.35081999999999988E-005  3.78440237399619604E-005
 diff1           6          11  7.09280000000000067E-004  8.14548174529674900E-004
 diff1           7           8 -1.03345251000000003E-002 -1.15024094732001370E-002
 diff1           7           9 -8.18348890000000079E-003 -8.79070454470270470E-003
 diff1           7          10  7.74841600000000059E-004 -2.63815775511005003E-004
 diff1           7          11 -4.70951159999999976E-003 -6.53533961430120824E-003
 diff1           8           5 -2.05798050000000022E-003 -1.94461053026327257E-003
 diff1           8           6  5.80575910000000021E-003  5.77524027172871251E-003
 diff1           8           7 -1.03345251000000003E-002 -1.15024094732001370E-002
 diff1           8          12  0.71092405040000006      -0.27208065732214892     
 diff1           8          13  0.83923473380000002       0.74100944659637391     
 diff1           8          14  0.71604047609999999      -4.07391349864712135E-002
 diff1           8          19  2.06214770000000009E-003 -1.36393973245711318E-003
 diff1           8          20  5.00359590000000031E-003  4.90773560064552798E-003
 diff1           8          21  3.77802200000000024E-003  1.14658059954049901E-002
 diff1           8          26 -5.66100000000000073E-007 -5.84871826895278543E-007
 diff1           8          28  1.85713999999999998E-005  1.86653728858405369E-005
 diff1           9           5  4.67137999999999999E-005  8.54028324953045513E-005
 diff1           9           6  5.83838030000000032E-003  5.80581033096556984E-003
 diff1           9           7 -8.18348890000000079E-003 -8.79070454470270470E-003
 diff1           9          12  0.22930693020000001       1.33031955956430352E-002
 diff1           9          13  0.42223651890000002       0.58532318783792114     
 diff1           9          14  0.37447487480000002      -1.78416161187276573E-002
 diff1           9          19  1.46508079999999995E-003  5.01904011872139079E-004
 diff1           9          20  4.25363920000000010E-003  5.19016028660874897E-003
 diff1           9          21  3.25727890000000004E-003  8.71175749808960134E-003
 diff1           9          28  1.78223000000000004E-005  1.78908812675798085E-005
 diff1          10           5 -8.94843000000000065E-005 -8.10151975328209780E-006
 diff1          10           6 -3.35081999999999988E-005  3.78440237399619604E-005
 diff1          10           7  7.74841600000000059E-004 -2.63815775511005003E-004
 diff1          10          12  0.87069416649999998      -9.62706324126226878E-003
 diff1          10          13  0.91028994200000002       2.99288685521871406E-002
 diff1          10          14  0.88662899250000005      -1.87402444127010336E-006
 diff1          10          19 -8.05920000000000070E-006 -8.63350824024953997E-006
 diff1          10          20  3.92148000000000027E-005  3.86404724455601746E-005
 diff1          10          21  2.64247300000000000E-004  2.63815853712623144E-004
 diff1          11           5 -3.22208799999999991E-004 -1.92290784303319085E-004
 diff1          11           6  7.09280000000000067E-004  8.14548174529674900E-004
 diff1          11           7 -4.70951159999999976E-003 -6.53533961430120824E-003
 diff1          11          12   1.2921289197000001      -7.90463953657972312E-002
 diff1          11          13   1.6626882474000000       0.29100997372263177     
 diff1          11          14   1.4508010545000001      -2.36842930503830854E-005
 diff1          11          19  3.24502200000000018E-004 -6.61375942328422883E-005
 diff1          11          20  1.01640080000000004E-003  6.25681533611600871E-004
 diff1          11          21  5.81593119999999995E-003  6.53587253809509178E-003
 diff1          12           8  0.71092405040000006      -0.27208065732214892     
 diff1          12           9  0.22930693020000001       1.33031955956430352E-002
 diff1          12          10  0.87069416649999998      -9.62706324126226878E-003
 diff1          12          11   1.2921289197000001      -7.90463953657972312E-002
 diff1          12          15 -2.05771529999999999E-003 -1.94434535406677708E-003
 diff1          12          16  4.73657999999999997E-005  8.60547320561877904E-005
 diff1          12          17 -8.94843000000000065E-005 -8.10151771122522758E-006
 diff1          12          18 -3.22170799999999989E-004 -1.92252839754804744E-004
 diff1          13           8  0.83923473380000002       0.74100944659637391     
 diff1          13           9  0.42223651890000002       0.58532318783792114     
 diff1          13          10  0.91028994200000002       2.99288685521871406E-002
 diff1          13          11   1.6626882474000000       0.29100997372263177     
 diff1          13          15  5.80558210000000057E-003  5.77506335252089918E-003
 diff1          13          16  5.83856980000000032E-003  5.80599977941474027E-003
 diff1          13          17 -3.35081999999999988E-005  3.78440208252926136E-005
 diff1          13          18  7.09222600000000009E-004  8.14490710405938356E-004
 diff1          14           8  0.71604047609999999      -4.07391349864712135E-002
 diff1          14           9  0.37447487480000002      -1.78416161187276573E-002
 diff1          14          10  0.88662899250000005      -1.87402444127010336E-006
 diff1          14          11   1.4508010545000001      -2.36842930503830854E-005
 diff1          14          15 -1.03369472999999996E-002 -1.15048319721389371E-002
 diff1          14          16 -8.18521709999999944E-003 -8.79243271368910888E-003
 diff1          14          17  7.74841999999999979E-004 -2.63815677028959460E-004
 diff1          14          18 -4.71003720000000032E-003 -6.53586536733358116E-003
 diff1          15          12 -2.05771529999999999E-003 -1.94434535406677708E-003
 diff1          15          13  5.80558210000000057E-003  5.77506335252089918E-003
 diff1          15          14 -1.03369472999999996E-002 -1.15048319721389371E-002
 diff1          15          19   1.2037183126000000      -0.27204901042485452     
 diff1          15          20  0.89008626120000001       0.74095210549479662     
 diff1          15          21   1.0836225283000001      -4.07038365086506079E-002
 diff1          15          26  4.24710240000000013E-003 -1.36296291015445279E-003
 diff1          15          27  5.06082689999999991E-003  4.90594418197193988E-003
 diff1          15          28 -1.18458740000000010E-003  1.14617707191401880E-002
 diff1          16          12  4.73657999999999997E-005  8.60547320561877904E-005
 diff1          16          13  5.83856980000000032E-003  5.80599977941474027E-003
 diff1          16          14 -8.18521709999999944E-003 -8.79243271368910888E-003
 diff1          16          19  0.33863626610000003       1.33053294524862788E-002
 diff1          16          20  0.34177289430000002       0.58528416457919707     
 diff1          16          21  0.56490652250000006      -1.78208344508626326E-002
 diff1          16          26  2.07849599999999999E-003  5.01871293131789221E-004
 diff1          16          27  3.65323400000000000E-003  5.18838075494152794E-003
 diff1          16          28 -2.63587000000000023E-004  8.70887228806888763E-003
 diff1          17          12 -8.94843000000000065E-005 -8.10151771122522758E-006
 diff1          17          13 -3.35081999999999988E-005  3.78440208252926136E-005
 diff1          17          14  7.74841999999999979E-004 -2.63815677028959460E-004
 diff1          17          19   1.3113472466000000      -9.62506075371899646E-003
 diff1          17          20   1.3509406759000000       2.99260346157672191E-002
 diff1          17          21   1.3288642085000000       2.64688945964907584E-006
 diff1          17          26 -7.76550000000000044E-006 -8.63350619589497092E-006
 diff1          17          27  3.95085000000000030E-005  3.86404695745929777E-005
 diff1          17          28  2.64466100000000019E-004  2.63815551866714850E-004
 diff1          18          12 -3.22170799999999989E-004 -1.92252839754804744E-004
 diff1          18          13  7.09222600000000009E-004  8.14490710405938356E-004
 diff1          18          14 -4.71003720000000032E-003 -6.53586536733358116E-003
 diff1          18          19   1.9785832048000001      -7.90211169279773640E-002
 diff1          18          20   2.3491129154000001       0.29097419947483832     
 diff1          18          21   2.1572274610000002       3.33855455992509046E-005
 diff1          18          26  5.59776700000000024E-004 -6.60994269804511775E-005
 diff1          18          27  1.25159440000000011E-003  6.25628304498058096E-004
 diff1          18          28  5.37269560000000045E-003  6.53515107410273469E-003
 diff1          19           8  2.06214770000000009E-003 -1.36393973245711318E-003
 diff1          19           9  1.46508079999999995E-003  5.01904011872139079E-004
 diff1          19          10 -8.05920000000000070E-006 -8.63350824024953997E-006
 diff1          19          11  3.24502200000000018E-004 -6.61375942328422883E-005
 diff1          19          15   1.2037183126000000      -0.27204901042485452     
 diff1          19          16  0.33863626610000003       1.33053294524862788E-002
 diff1          19          17   1.3113472466000000      -9.62506075371899646E-003
 diff1          19          18   1.9785832048000001      -7.90211169279773640E-002
 diff1          19          22 -2.05735029999999999E-003 -1.94398026841519989E-003
 diff1          19          23  4.73687999999999995E-005  8.60576301078960559E-005
 diff1          19          24 -8.94843000000000065E-005 -8.10150428860525136E-006
 diff1          19          25 -3.22134399999999990E-004 -1.92216389483143942E-004
 diff1          20           8  5.00359590000000031E-003  4.90773560064552798E-003
 diff1          20           9  4.25363920000000010E-003  5.19016028660874897E-003
 diff1          20          10  3.92148000000000027E-005  3.86404724455601746E-005
 diff1          20          11  1.01640080000000004E-003  6.25681533611600871E-004
 diff1          20          15  0.89008626120000001       0.74095210549479662     
 diff1          20          16  0.34177289430000002       0.58528416457919707     
 diff1          20          17   1.3509406759000000       2.99260346157672191E-002
 diff1          20          18   2.3491129154000001       0.29097419947483832     
 diff1          20          22  5.80492840000000013E-003  5.77440936996706424E-003
 diff1          20          23  5.83792580000000016E-003  5.80535583101152424E-003
 diff1          20          24 -3.35080999999999986E-005  3.78440012855945138E-005
 diff1          20          25  7.09171800000000033E-004  8.14439975062041118E-004
 diff1          21           8  3.77802200000000024E-003  1.14658059954049901E-002
 diff1          21           9  3.25727890000000004E-003  8.71175749808960134E-003
 diff1          21          10  2.64247300000000000E-004  2.63815853712623144E-004
 diff1          21          11  5.81593119999999995E-003  6.53587253809509178E-003
 diff1          21          15   1.0836225283000001      -4.07038365086506079E-002
 diff1          21          16  0.56490652250000006      -1.78208344508626326E-002
 diff1          21          17   1.3288642085000000       2.64688945964907584E-006
 diff1          21          18   2.1572274610000002       3.33855455992509046E-005
 diff1          21          22 -1.03346641000000000E-002 -1.15025489489152515E-002
 diff1          21          23 -8.18359079999999954E-003 -8.79080672169262230E-003
 diff1          21          24  7.74846700000000064E-004 -2.63810977828956488E-004
 diff1          21          25 -4.70918330000000013E-003 -6.53501168039365837E-003
 diff1          22          19 -2.05735029999999999E-003 -1.94398026841519989E-003
 diff1          22          20  5.80492840000000013E-003  5.77440936996706424E-003
 diff1          22          21 -1.03346641000000000E-002 -1.15025489489152515E-002
 diff1          22          26   1.5327473480000000      -0.27169069920641198     
 diff1          22          27  0.92353082170000000       0.74022313058807054     
 diff1          22          28   1.3264317802000001      -4.03354308393943789E-002
 diff1          23          19  4.73687999999999995E-005  8.60576301078960559E-005
 diff1          23          20  5.83792580000000016E-003  5.80535583101152424E-003
 diff1          23          21 -8.18359079999999954E-003 -8.79080672169262230E-003
 diff1          23          26  0.41162964520000001       1.32452803982819299E-002
 diff1          23          27  0.28777917120000002       0.58475917588565773     
 diff1          23          28  0.69062290360000000      -1.75869568940048918E-002
 diff1          24          19 -8.94843000000000065E-005 -8.10150428860525136E-006
 diff1          24          20 -3.35080999999999986E-005  3.78440012855945138E-005
 diff1          24          21  7.74846700000000064E-004 -2.63810977828956488E-004
 diff1          24          26   1.6051909908999999      -9.60885827431128513E-003
 diff1          24          27   1.6447448997000000       2.99022244732200237E-002
 diff1          24          28   1.6234235680000000       3.22304887378034032E-005
 diff1          25          19 -3.22134399999999990E-004 -1.92216389483143942E-004
 diff1          25          20  7.09171800000000033E-004  8.14439975062041118E-004
 diff1          25          21 -4.70918330000000013E-003 -6.53501168039365837E-003
 diff1          25          26   2.4365064181000000      -7.88161302167117994E-002
 diff1          25          27   2.8065321779000003       0.29066902587602633     
 diff1          25          28   2.6242074323000000       4.30467285752284272E-004
 diff1          26           8 -5.66100000000000073E-007 -5.84871826895278543E-007
 diff1          26          15  4.24710240000000013E-003 -1.36296291015445279E-003
 diff1          26          16  2.07849599999999999E-003  5.01871293131789221E-004
 diff1          26          17 -7.76550000000000044E-006 -8.63350619589497092E-006
 diff1          26          18  5.59776700000000024E-004 -6.60994269804511775E-005
 diff1          26          22   1.5327473480000000      -0.27169069920641198     
 diff1          26          23  0.41162964520000001       1.32452803982819299E-002
 diff1          26          24   1.6051909908999999      -9.60885827431128513E-003
 diff1          26          25   2.4365064181000000      -7.88161302167117994E-002
 diff1          27          15  5.06082689999999991E-003  4.90594418197193988E-003
 diff1          27          16  3.65323400000000000E-003  5.18838075494152794E-003
 diff1          27          17  3.95085000000000030E-005  3.86404695745929777E-005
 diff1          27          18  1.25159440000000011E-003  6.25628304498058096E-004
 diff1          27          22  0.92353082170000000       0.74022313058807054     
 diff1          27          23  0.28777917120000002       0.58475917588565773     
 diff1          27          24   1.6447448997000000       2.99022244732200237E-002
 diff1          27          25   2.8065321779000003       0.29066902587602633     
 diff1          28           8  1.85713999999999998E-005  1.86653728858405369E-005
 diff1          28           9  1.78223000000000004E-005  1.78908812675798085E-005
 diff1          28          15 -1.18458740000000010E-003  1.14617707191401880E-002
 diff1          28          16 -2.63587000000000023E-004  8.70887228806888763E-003
 diff1          28          17  2.64466100000000019E-004  2.63815551866714850E-004
 diff1          28          18  5.37269560000000045E-003  6.53515107410273469E-003
 diff1          28          22   1.3264317802000001      -4.03354308393943789E-002
 diff1          28          23  0.69062290360000000      -1.75869568940048918E-002
 diff1          28          24   1.6234235680000000       3.22304887378034032E-005
 diff1          28          25   2.6242074323000000       4.30467285752284272E-004
