 diff1          25         148  1.54082436670312500E-002  1.54808600000000008E-002 -7.26163329687508352E-005
 diff1          26         148  2.33480769544647040E-002  2.35597199999999993E-002 -2.11643045535295227E-004
 diff1          27         148  3.42562142166833589E-002  3.47691799999999968E-002 -5.12965783316637891E-004
 diff1          28         148  4.84386763068810830E-002  4.95142400000000010E-002 -1.07556369311891803E-003
 diff1          29         148  6.59950403784336642E-002  6.80139800000000017E-002 -2.01893962156633744E-003
 diff1          30         148  8.70537928087839613E-002  9.05315099999999956E-002 -3.47771719121603429E-003
 diff1          31         148  0.11219409724442361       0.11781150000000000      -5.61740275557638669E-003
 diff1          32         148  0.14296351659084949       0.15164010000000000      -8.67658340915050674E-003
 diff1          33         148  0.18246595305682317       0.19551350000000001      -1.30475469431768354E-002
 diff1          40           5   144.96228836120042        144.96230000000000      -1.16387995774402953E-005
 diff1          40          15   120.73743303019711        120.73739999999999       3.30301971160906760E-005
 diff1          40          17   139.52738036314082        139.52740000000000      -1.96368591787177138E-005
 diff1          40          18   139.52738036314082        139.52740000000000      -1.96368591787177138E-005
 diff1          40          25   139.52738036314082        139.52740000000000      -1.96368591787177138E-005
 diff1          40          33   139.52602470718938        139.52600000000001       2.47071893682004884E-005
 diff1          40          34   132.08045492610054        132.08050000000000      -4.50738994572930096E-005
 diff1          40          47   139.61797188051318        139.61799999999999      -2.81194868136935838E-005
 diff1          40          48   128.19927704898782        128.19929999999999      -2.29510121698695002E-005
 diff1          40          49   149.14612452462046        149.14609999999999       2.45246204713112093E-005
 diff1          40          50   149.03228374866765        149.03229999999999      -1.62513323402890819E-005
 diff1          40          65   146.72676951034077        146.72680000000000      -3.04896592240311293E-005
 diff1          40          66   135.38707758037745        135.38710000000000      -2.24196225531159143E-005
 diff1          40          69   143.61334194549312        143.61330000000001       4.19454931090967875E-005
 diff1          40          71   148.31653697719645        148.31649999999999       3.69771964585652313E-005
 diff1          40          75   138.55658461951683        138.55660000000000      -1.53804831768411532E-005
 diff1          40          76   115.69028705968616        115.69029999999999      -1.29403138373618276E-005
 diff1          41           4   309.72043411018075        309.72039999999998       3.41101807634913712E-005
 diff1          41           7   115.96898988085495        115.96899999999999      -1.01191450454507503E-005
 diff1          41          10   330.70308562698591        330.70310000000001      -1.43730140962361475E-005
 diff1          41          15   262.01473986686705        262.01470000000000       3.98668670413826476E-005
 diff1          41          16   243.85937262541955        243.85939999999999      -2.73745804406644311E-005
 diff1          41          26   307.59746563775337        307.59750000000003      -3.43622466516535496E-005
 diff1          41          29   185.44055598583157        185.44059999999999      -4.40141684237005393E-005
 diff1          41          30   113.25442737212666        113.25440000000000       2.73721266523807572E-005
 diff1          41          31   118.62456710733333        118.62460000000000      -3.28926666668394319E-005
 diff1          41          33   307.61226188307177        307.61230000000000      -3.81169282377413765E-005
 diff1          41          41   328.81551194489271        328.81549999999999       1.19448927193843701E-005
 diff1          41          45   277.72958193635196        277.72960000000000      -1.80636480422435852E-005
 diff1          41          46   144.90484205389842        144.90479999999999       4.20538984258200799E-005
 diff1          41          50   328.48431048754651        328.48430000000002       1.04875464899123472E-005
 diff1          41          57   328.83671611520799        328.83670000000001       1.61152079840576334E-005
 diff1          41          58   328.83671611520799        328.83670000000001       1.61152079840576334E-005
 diff1          41          65   322.75013137712187        322.75009999999997       3.13771218998226686E-005
 diff1          41          66   295.18265228963168        295.18270000000001      -4.77103683351742802E-005
 diff1          41          69   306.26077150791457        306.26080000000002      -2.84920854483061703E-005
 diff1          41          71   326.97336818526168        326.97340000000003      -3.18147383495670510E-005
 diff1          41          75   299.32257805988797        299.32260000000002      -2.19401120489237655E-005
 diff1          41          76   247.92564511137581        247.92560000000000       4.51113758117571706E-005
 diff1          41          79   282.95852954095437        282.95850000000002       2.95409543582536571E-005
 diff1          41          80   327.05921361488123        327.05919999999998       1.36148812543979147E-005
 diff1          41          84   327.05921361488123        327.05919999999998       1.36148812543979147E-005
 diff1          41          86   176.30746657469035        176.30750000000000      -3.34253096525571891E-005
 diff1          42           4   727.32663939813460        727.32659999999998       3.93981346178406966E-005
 diff1          42           5   753.70523360358800        753.70519999999999       3.36035880081908545E-005
 diff1          42           7   235.70282258758084        235.70280000000000       2.25875808439468528E-005
 diff1          42           8   164.28301627396212        164.28299999999999       1.62739621316632110E-005
 diff1          42          10   779.95157309575484        779.95159999999998      -2.69042451463974430E-005
 diff1          42          15   609.09977979458267        609.09979999999996      -2.02054172859789105E-005
 diff1          42          16   564.68796993762328        564.68799999999999      -3.00623767088836757E-005
 diff1          42          26   725.41205737227438        725.41210000000001      -4.26277256337925792E-005
 diff1          42          29   372.60798754616712        372.60800000000000      -1.24538328805101628E-005
 diff1          42          31   178.61846142925711        178.61850000000001      -3.85707429018111725E-005
 diff1          42          32   152.29957422532311        152.29960000000000      -2.57746768852484820E-005
 diff1          42          33   725.26192407735562        725.26189999999997       2.40773556470230687E-005
 diff1          42          41   775.32598478640023        775.32600000000002      -1.52135997950608726E-005
 diff1          42          42   707.45672709381302        707.45669999999996       2.70938130597642157E-005
 diff1          42          47   713.11016963231771        713.11019999999996      -3.03676822568377247E-005
 diff1          42          48   645.84416638540631        645.84420000000000      -3.36145936898901709E-005
 diff1          42          49   775.54291055933811        775.54290000000003       1.05593380794744007E-005
 diff1          42          50   774.46112871023354        774.46109999999999       2.87102335505551309E-005
 diff1          42          55   195.64644879594294        195.64640000000000       4.87959429449347226E-005
 diff1          42          56   169.87402414299510        169.87400000000000       2.41429951017835265E-005
 diff1          42          57   775.55018333547400        775.55020000000002      -1.66645260151199182E-005
 diff1          42          58   775.55018333547400        775.55020000000002      -1.66645260151199182E-005
 diff1          42          65   759.32615733875730        759.32619999999997      -4.26612426736028283E-005
 diff1          42          66   689.05434616796526        689.05430000000001       4.61679652516977512E-005
 diff1          42          70   322.39735524281451        322.39740000000000      -4.47571854920170153E-005
 diff1          42          72   769.44565254734323        769.44569999999999      -4.74526567586508463E-005
 diff1          42          75   667.10955834029699        667.10960000000000      -4.16597030152843217E-005
 diff1          42          76   569.64844595685827        569.64840000000004       4.59568582300562412E-005
 diff1          42          79   658.64753955136814        658.64750000000004       3.95513681041848031E-005
 diff1          42          86   391.92907026550500        391.92910000000001      -2.97344950013211928E-005
 diff1          43           4   1858.6215690564557        1858.6220000000001      -4.30943544415640645E-004
 diff1          43           5   1933.4444794573162        1933.4440000000000       4.79457316259868094E-004
 diff1          43           7   476.44845860287643        476.44850000000002      -4.13971235957433237E-005
 diff1          43           8   392.49434526336563        392.49430000000001       4.52633656209400215E-005
 diff1          43           9   2000.9275156889853        2000.9280000000001      -4.84311014815830276E-004
 diff1          43          10   2000.9236981892020        2000.9240000000000      -3.01810797964208177E-004
 diff1          43          15   1542.7255749270294        1542.7260000000001      -4.25072970756446011E-004
 diff1          43          16   1425.5363087310993        1425.5360000000001       3.08731099266879028E-004
 diff1          43          17   1861.3183067762232        1861.3180000000000       3.06776223169435980E-004
 diff1          43          18   1861.3183067762232        1861.3180000000000       3.06776223169435980E-004
 diff1          43          25   1861.3183052847651        1861.3180000000000       3.05284765090618748E-004
 diff1          43          26   1860.8710348978150        1860.8710000000001       3.48978148849710124E-005
 diff1          43          29   738.99647336703435        738.99649999999997      -2.66329656142261229E-005
 diff1          43          30   605.32042593401707        605.32039999999995       2.59340171169242240E-005
 diff1          43          31   251.54133713311973        251.54130000000001       3.71331197186464124E-005
 diff1          43          32   361.65566295169469        361.65570000000002      -3.70483053302450571E-005
 diff1          43          33   1857.7797976882775        1857.7800000000000      -2.02311722432568786E-004
 diff1          43          34   1724.1921425252881        1724.1920000000000       1.42525288083561463E-004
 diff1          43          41   1987.2967720524923        1987.2970000000000      -2.27947507710268837E-004
 diff1          43          42   1800.7335289095147        1800.7339999999999      -4.71090485234526568E-004
 diff1          43          45   1187.8517982027704        1187.8520000000001      -2.01797229692601832E-004
 diff1          43          46   797.69231819824017        797.69230000000005       1.81982401272762218E-005
 diff1          43          47   1807.0274590570955        1807.0270000000000       4.59057095440584817E-004
 diff1          43          48   1634.8494774651913        1634.8489999999999       4.77465191352166585E-004
 diff1          43          49   1989.5665033864352        1989.5670000000000      -4.96613564791914541E-004
 diff1          43          50   1986.1676291328827        1986.1679999999999      -3.70867117226225673E-004
 diff1          43          55   463.70356411751567        463.70359999999999      -3.58824843260663329E-005
 diff1          43          56   405.57731816295814        405.57729999999998       1.81629581561537634E-005
 diff1          43          57   1989.6348891780990        1989.6350000000000      -1.10821900989321875E-004
 diff1          43          58   1989.6348891780990        1989.6350000000000      -1.10821900989321875E-004
 diff1          43          65   1941.7547638113072        1941.7550000000001      -2.36188692952055135E-004
 diff1          43          66   1751.4522901904938        1751.4520000000000       2.90190493842601427E-004
 diff1          43          69   1296.5653611994862        1296.5650000000001       3.61199486178520601E-004
 diff1          43          70   790.88523995117021        790.88520000000005       3.99511701516530593E-005
 diff1          43          71   1977.8443279496400        1977.8440000000001       3.27949639995495090E-004
 diff1          43          72   1972.9012675372767        1972.9010000000001       2.67537276613438735E-004
 diff1          43          75   1501.3707743696757        1501.3710000000001      -2.25630324393932824E-004
 diff1          43          76   1427.5813218366716        1427.5809999999999       3.21836671673736419E-004
 diff1          43          79   1670.0256174419621        1670.0260000000001      -3.82558037927083205E-004
 diff1          43          80   1978.8800652276850        1978.8800000000001       6.52276848995825276E-005
 diff1          43          84   1978.8800652276850        1978.8800000000001       6.52276848995825276E-005
 diff1          43          86   924.57535006313913        924.57539999999995      -4.99368608188888174E-005
 diff1          44           2   516.74312283767631        516.74310000000003       2.28376762834159308E-005
 diff1          44           4   5290.9650564076555        5290.9650000000001       5.64076553928316571E-005
 diff1          44           5   5522.8238986983843        5522.8239999999996      -1.01301615359261632E-004
 diff1          44           7   992.20761234979909        992.20759999999996       1.23497991353360703E-005
 diff1          44           8   1052.9982674885725        1052.9980000000000       2.67488572490037768E-004
 diff1          44           9   5716.0509296974842        5716.0510000000004      -7.03025161783443764E-005
 diff1          44          10   5716.0262682757875        5716.0259999999998       2.68275787675520405E-004
 diff1          44          15   4357.0897779530715        4357.0900000000001      -2.22046928683994338E-004
 diff1          44          16   4016.3238529634018        4016.3240000000001      -1.47036598264094209E-004
 diff1          44          17   5317.2292140328509        5317.2290000000003       2.14032850635703653E-004
 diff1          44          18   5317.2292140328509        5317.2290000000003       2.14032850635703653E-004
 diff1          44          25   5317.2290833759062        5317.2290000000003       8.33759058878058568E-005
 diff1          44          26   5315.5360597162189        5315.5360000000001       5.97162188569200225E-005
 diff1          44          29   1526.5464668252362        1526.5460000000000       4.66825236117074382E-004
 diff1          44          30   1622.0509339811781        1622.0509999999999      -6.60188218262192095E-005
 diff1          44          32   966.52625960313514        966.52629999999999      -4.03968648470254266E-005
 diff1          44          33   5281.3532815916451        5281.3530000000001       2.81591645034495741E-004
 diff1          44          34   4897.0555788522706        4897.0559999999996      -4.21147728957294021E-004
 diff1          44          41   5662.9782259749518        5662.9780000000001       2.25974951717944350E-004
 diff1          44          42   5108.9798623723264        5108.9799999999996      -1.37627673211682122E-004
 diff1          44          45   2482.9811334873189        2482.9810000000002       1.33487318635161500E-004
 diff1          44          46   2191.2822425471691        2191.2820000000002       2.42547168909368338E-004
 diff1          44          47   5056.9884512209965        5056.9880000000003       4.51220996183110401E-004
 diff1          44          48   4616.3997740310733        4616.3999999999996      -2.25968926315545104E-004
 diff1          44          49   5683.0019035162832        5683.0020000000004      -9.64837172432453372E-005
 diff1          44          50   5672.0292080797835        5672.0290000000005       2.08079783078574110E-004
 diff1          44          55   1212.0124792637989        1212.0119999999999       4.79263798979445710E-004
 diff1          44          56   1087.8245038658288        1087.8250000000000      -4.96134171271478408E-004
 diff1          44          57   5683.7912781936138        5683.7910000000002       2.78193613667099271E-004
 diff1          44          58   5683.7912781936138        5683.7910000000002       2.78193613667099271E-004
 diff1          44          65   5518.0965158189647        5518.0969999999998      -4.84181035062647425E-004
 diff1          44          66   4962.9988648918406        4962.9989999999998      -1.35108159156516194E-004
 diff1          44          69   2489.6202601368536        2489.6199999999999       2.60136853739822982E-004
 diff1          44          70   2172.3979734584914        2172.3980000000001      -2.65415087596920785E-005
 diff1          44          71   5649.3261382789860        5649.3260000000000       1.38278986014483962E-004
 diff1          44          72   5633.0774625692338        5633.0770000000002       4.62569233604881447E-004
 diff1          44          75   3443.7871181158084        3443.7869999999998       1.18115808618313167E-004
 diff1          44          76   3995.5770535467827        3995.5770000000002       5.35467825102386996E-005
 diff1          44          79   4722.0746407387232        4722.0749999999998      -3.59261276571487542E-004
 diff1          44          80   5653.0679656399607        5653.0680000000002      -3.43600395353860222E-005
 diff1          44          84   5653.0679656399607        5653.0680000000002      -3.43600395353860222E-005
 diff1          44          86   2347.6700544625173        2347.6700000000001       5.44625172551604919E-005
 diff1          45           1   109.82735072318552        109.82740000000000      -4.92768144795263652E-005
 diff1          45           2   1573.8044388904034        1573.8040000000001       4.38890403302139021E-004
 diff1          45           4   17361.460068724904        17361.459999999999       6.87249048496596515E-005
 diff1          45           5   18178.299466929231        18178.299999999999      -5.33070768142351881E-004
 diff1          45           7   2319.8832973258236        2319.8829999999998       2.97325823794380995E-004
 diff1          45           8   3284.4267971458717        3284.4270000000001      -2.02854128474427853E-004
 diff1          45           9   18815.804836656160        18815.799999999999       4.83665616047801450E-003
 diff1          45          10   18815.662235151252        18815.660000000000       2.23515125253470615E-003
 diff1          45          15   14189.708591688202        14189.709999999999      -1.40831179669476114E-003
 diff1          45          16   13067.425534990647        13067.430000000000      -4.46500935322546866E-003
 diff1          45          17   17502.984010839780        17502.980000000000       4.01083978067617863E-003
 diff1          45          18   17502.984010839780        17502.980000000000       4.01083978067617863E-003
 diff1          45          25   17502.979730830510        17502.980000000000      -2.69169489911291748E-004
 diff1          45          26   17496.062919413071        17496.060000000001       2.91941306932130828E-003
 diff1          45          29   3583.3675663087461        3583.3679999999999      -4.33691253874712856E-004
 diff1          45          30   4976.3593413610006        4976.3590000000004       3.41361000209872145E-004
 diff1          45          31   715.67581897962145        715.67579999999998       1.89796214726811741E-005
 diff1          45          32   3006.1586194065417        3006.1590000000001      -3.80593458430666942E-004
 diff1          45          33   17195.170671274529        17195.169999999998       6.71274530759546906E-004
 diff1          45          34   16040.284646571617        16040.280000000001       4.64657161683135200E-003
 diff1          45          38   305.20673651131017        305.20670000000001       3.65113101565839315E-005
 diff1          45          41   18545.003565505533        18545.000000000000       3.56550553260603920E-003
 diff1          45          42   16719.808038694395        16719.810000000001      -1.96130560652818531E-003
 diff1          45          45   5786.2760250032352        5786.2759999999998       2.50032353505957872E-005
 diff1          45          46   6977.3195903690821        6977.3199999999997      -4.09630917602044065E-004
 diff1          45          47   16108.023949701654        16108.020000000000       3.94970165325503331E-003
 diff1          45          48   15047.895315103719        15047.900000000000      -4.68489628110546619E-003
 diff1          45          49   18700.901578561741        18700.900000000001       1.57856173973414116E-003
 diff1          45          50   18665.278739188419        18665.279999999999      -1.26081157941371202E-003
 diff1          45          56   3390.2974465443485        3390.2970000000000       4.46544348505995004E-004
 diff1          45          57   18709.614323306614        18709.610000000001       4.32330661351443268E-003
 diff1          45          58   18709.614323306614        18709.610000000001       4.32330661351443268E-003
 diff1          45          65   18010.051675113500        18010.049999999999       1.67511350082349963E-003
 diff1          45          66   16224.986813429470        16224.990000000000      -3.18657052957860287E-003
 diff1          45          69   5141.4371021800471        5141.4369999999999       1.02180047178990208E-004
 diff1          45          70   6914.2810929030293        6914.2809999999999       9.29030293264077045E-005
 diff1          45          71   18593.706690146850        18593.709999999999      -3.30985314940335229E-003
 diff1          45          72   18533.985187764374        18533.990000000002      -4.81223562746890821E-003
 diff1          45          75   8597.7455316732194        8597.7459999999992      -4.68326779810013250E-004
 diff1          45          76   12925.726094422907        12925.730000000000      -3.90557709215499926E-003
 diff1          45          79   15408.867823277031        15408.870000000001      -2.17672297003446147E-003
 diff1          45          80   18608.480889568713        18608.480000000000       8.89568713319022208E-004
 diff1          45          84   18608.480889568713        18608.480000000000       8.89568713319022208E-004
 diff1          45          86   6683.0920508852196        6683.0919999999996       5.08852199345710687E-005
 diff1          46           1   210.46112136455201        210.46109999999999       2.13645520261707134E-005
 diff1          46           2   5901.0882232969798        5901.0879999999997       2.23296980038867332E-004
 diff1          46           4   69230.214212784704        69230.210000000006       4.21278469730168581E-003
 diff1          46           5   72697.036535800842        72697.039999999994      -3.46419915149454027E-003
 diff1          46           7   6738.9135041393038        6738.9139999999998      -4.95860695991723333E-004
 diff1          46           8   12562.650478607349        12562.650000000000       4.78607349577941932E-004
 diff1          46           9   75252.005968915808        75252.009999999995      -4.03108418686315417E-003
 diff1          46          10   75251.159396401999        75251.160000000003      -6.03598004090599716E-004
 diff1          46          14   235.99047122755985        235.99050000000000      -2.87724401459854562E-005
 diff1          46          15   56146.373684206730        56146.370000000003       3.68420672748470679E-003
 diff1          46          16   51763.731931715462        51763.730000000003       1.93171545834047720E-003
 diff1          46          17   70001.509944339865        70001.509999999995      -5.56601298740133643E-005
 diff1          46          18   70001.509944339865        70001.509999999995      -5.56601298740133643E-005
 diff1          46          25   70001.424272361095        70001.419999999998       4.27236109680961818E-003
 diff1          46          26   69968.867126014506        69968.869999999995      -2.87398548971395940E-003
 diff1          46          29   10501.276270743218        10501.280000000001      -3.72925678311730735E-003
 diff1          46          30   18464.748110504464        18464.750000000000      -1.88949553557904437E-003
 diff1          46          31   1751.7899632736749        1751.7900000000000      -3.67263251064287033E-005
 diff1          46          32   11469.573745833542        11469.570000000000       3.74583354278001934E-003
 diff1          46          33   67502.798202852035        67502.800000000003      -1.79714796831831336E-003
 diff1          46          34   63889.718013119011        63889.720000000001      -1.98688099044375122E-003
 diff1          46          38   1088.0644380709959        1088.0640000000001       4.38070995869566104E-004
 diff1          46          41   73555.213273149173        73555.210000000006       3.27314916648901999E-003
 diff1          46          42   66549.733943304120        66549.729999999996       3.94330412382259965E-003
 diff1          46          45   16676.818451474424        16676.820000000000      -1.54852557534468360E-003
 diff1          46          46   27150.079779296801        27150.080000000002      -2.20703201193828136E-004
 diff1          46          47   61611.769277801628        61611.769999999997      -7.22198368748649955E-004
 diff1          46          48   59702.015870013580        59702.019999999997      -4.12998641695594415E-003
 diff1          46          49   74738.283083094910        74738.279999999999       3.08309491083491594E-003
 diff1          46          50   74630.354542547910        74630.350000000006       4.54254790383856744E-003
 diff1          46          55   12841.166485808782        12841.170000000000      -3.51419121761864517E-003
 diff1          46          56   12932.824425169072        12932.820000000000       4.42516907241952140E-003
 diff1          46          57   74827.312434074120        74827.309999999998       2.43407412199303508E-003
 diff1          46          58   74827.312434074120        74827.309999999998       2.43407412199303508E-003
 diff1          46          65   71159.610260006957        71159.610000000001       2.60006956523284316E-004
 diff1          46          66   64525.487770430474        64525.489999999998      -2.22956952347885817E-003
 diff1          46          68   194.71147270659426        194.71150000000000      -2.72934057363727334E-005
 diff1          46          69   13148.182063639699        13148.180000000000       2.06363969846279360E-003
 diff1          46          70   26890.085683393663        26890.090000000000      -4.31660633694264106E-003
 diff1          46          71   74354.904627544020        74354.899999999994       4.62754402542486787E-003
 diff1          46          72   74094.816991111380        74094.820000000007      -3.00888862693682313E-003
 diff1          46          75   25908.431667178480        25908.430000000000       1.66717847969266586E-003
 diff1          46          76   50960.981384222971        50960.980000000003       1.38422296731732786E-003
 diff1          46          79   61186.222486370963        61186.220000000001       2.48637096228776500E-003
 diff1          46          80   74422.838941832772        74422.839999999997      -1.05816722498275340E-003
 diff1          46          84   74422.838941826791        74422.839999999997      -1.05817320581991225E-003
 diff1          46          86   22907.485672511146        22907.490000000002      -4.32748885577893816E-003
 diff1          47           1   612.57562787857933        612.57560000000001       2.78785793170754914E-005
 diff1          47           2   29763.578714103813        29763.580000000002      -1.28589618907426484E-003
 diff1          47           4   366563.19234754203        366563.20000000001      -7.65245797811076045E-003
 diff1          47           5   385975.36188622221        385975.40000000002      -3.81137778167612851E-002
 diff1          47           7   27313.090937936628        27313.090000000000       9.37936627451563254E-004
 diff1          47           8   64384.508486637947        64384.510000000002      -1.51336205453844741E-003
 diff1          47           9   399565.68665245787        399565.70000000001      -1.33475421462208033E-002
 diff1          47          10   399559.80999356281        399559.79999999999       9.99356282409280539E-003
 diff1          47          15   294922.36454877898        294922.40000000002      -3.54512210469692945E-002
 diff1          47          16   272774.51994306268        272774.50000000000       1.99430626817047596E-002
 diff1          47          17   371687.22134138306        371687.20000000001       2.13413830497302115E-002
 diff1          47          18   371687.22134138306        371687.20000000001       2.13413830497302115E-002
 diff1          47          24   147.39104463915308        147.39099999999999       4.46391530886103283E-005
 diff1          47          25   371685.80651094735        371685.79999999999       6.51094736531376839E-003
 diff1          47          26   371491.25354953954        371491.29999999999      -4.64504604460671544E-002
 diff1          47          29   42932.428431537359        42932.430000000000      -1.56846264144405723E-003
 diff1          47          30   91122.725380994700        91122.729999999996      -4.61900529626291245E-003
 diff1          47          31   6237.8098993913973        6237.8100000000004      -1.00608603133878205E-004
 diff1          47          32   58647.488845242195        58647.489999999998      -1.15475780330598354E-003
 diff1          47          33   349642.05731414701        349642.09999999998      -4.26858529681339860E-002
 diff1          47          34   338137.50334186177        338137.50000000000       3.34186176769435406E-003
 diff1          47          38   5231.5553258295604        5231.5550000000003       3.25829560097190551E-004
 diff1          47          40   118.84142412997657        118.84139999999999       2.41299765804114941E-005
 diff1          47          41   386379.23392900772        386379.20000000001       3.39290077099576592E-002
 diff1          47          42   352023.66383856226        352023.70000000001      -3.61614377470687032E-002
 diff1          47          45   66959.426144287383        66959.429999999993      -3.85571260994765908E-003
 diff1          47          46   141035.20449855295        141035.20000000001       4.49855293845757842E-003
 diff1          47          47   311001.49283742323        311001.50000000000      -7.16257677413523197E-003
 diff1          47          48   315006.77017850097        315006.79999999999      -2.98214990179985762E-002
 diff1          47          49   396367.91810430749        396367.90000000002       1.81043074699118733E-002
 diff1          47          50   396178.73805645993        396178.70000000001       3.80564599181525409E-002
 diff1          47          55   60989.513369548375        60989.510000000002       3.36954837257508188E-003
 diff1          47          56   65956.637969472751        65956.639999999999      -2.03052724828012288E-003
 diff1          47          57   397310.79888389411        397310.79999999999      -1.11610587919130921E-003
 diff1          47          58   397310.79888389411        397310.79999999999      -1.11610587919130921E-003
 diff1          47          62   153.64813758162160        153.64810000000000       3.75816215978375112E-005
 diff1          47          65   372354.02051981102        372354.00000000000       2.05198110197670758E-002
 diff1          47          66   341093.36233046366        341093.40000000002      -3.76695363665930927E-002
 diff1          47          68   934.06136647828703        934.06140000000005      -3.35217130214005010E-005
 diff1          47          69   47808.643639140144        47808.639999999999       3.63914014451438561E-003
 diff1          47          70   139633.29749591590        139633.29999999999      -2.50408408464863896E-003
 diff1          47          71   394762.30729361554        394762.29999999999       7.29361554840579629E-003
 diff1          47          72   393290.35623923386        393290.40000000002      -4.37607661588117480E-002
 diff1          47          75   106991.05890473806        106991.10000000001      -4.10952619422459975E-002
 diff1          47          76   267547.69165317470        267547.70000000001      -8.34682531422004104E-003
 diff1          47          79   323052.97635567206        323053.00000000000      -2.36443279427476227E-002
 diff1          47          80   395163.16480347246        395163.20000000001      -3.51965275476686656E-002
 diff1          47          84   395163.16480116756        395163.20000000001      -3.51988324546255171E-002
 diff1          47          86   105363.83401612287        105363.80000000000       3.40161228668875992E-002
 diff1          48           1   3212.1754687484672        3212.1750000000002       4.68748467028490268E-004
 diff1          48           2   238343.58586577364        238343.60000000001      -1.41342263668775558E-002
 diff1          48           4   3043246.4307094254        3043246.0000000000       0.43070942535996437     
 diff1          48           5   3212372.8877746901        3212373.0000000000      -0.11222530994564295     
 diff1          48           7   184442.14269639307        184442.10000000001       4.26963930658530444E-002
 diff1          48           8   521861.79005412478        521861.79999999999      -9.94587520835921168E-003
 diff1          48           9   3325645.6419373951        3325646.0000000000      -0.35806260490790009     
 diff1          48          10   3325587.8746138643        3325588.0000000000      -0.12538613565266132     
 diff1          48          14   6498.4232671657655        6498.4229999999998       2.67165765762911178E-004
 diff1          48          15   2429919.7741184002        2429920.0000000000      -0.22588159982115030     
 diff1          48          16   2257498.8054355546        2257499.0000000000      -0.19456444540992379     
 diff1          48          17   3093610.8604513225        3093611.0000000000      -0.13954867748543620     
 diff1          48          18   3093610.8604513477        3093611.0000000000      -0.13954865233972669     
 diff1          48          23   138.14771453322606        138.14769999999999       1.45332260785835388E-005
 diff1          48          24   1012.9858916629889        1012.9860000000000      -1.08337011056391930E-004
 diff1          48          25   3093585.1564227408        3093585.0000000000       0.15642274077981710     
 diff1          48          26   3091830.2210677443        3091830.0000000000       0.22106774430721998     
 diff1          48          29   291871.50493362511        291871.50000000000       4.93362511042505503E-003
 diff1          48          30   711564.04244174482        711564.00000000000       4.24417448230087757E-002
 diff1          48          31   38268.424800172565        38268.419999999998       4.80017256631981581E-003
 diff1          48          32   474433.97406110435        474434.00000000000      -2.59388956474140286E-002
 diff1          48          33   2833526.9339942131        2833527.0000000000      -6.60057868808507919E-002
 diff1          48          34   2807553.6746872165        2807554.0000000000      -0.32531278347596526     
 diff1          48          37   265.84111944814617        265.84109999999998       1.94481461903706077E-005
 diff1          48          38   40188.699739260963        40188.699999999997      -2.60739034274592996E-004
 diff1          48          40   870.65751493605853        870.65750000000003       1.49360585055546835E-005
 diff1          48          41   3179371.2765049483        3179371.0000000000       0.27650494826957583     
 diff1          48          42   2921663.2742879461        2921663.0000000000       0.27428794605657458     
 diff1          48          45   448283.27643933421        448283.29999999999      -2.35606657806783915E-002
 diff1          48          46   1154472.8293645771        1154473.0000000000      -0.17063542292453349     
 diff1          48          47   2466377.0805476801        2466377.0000000000       8.05476801469922066E-002
 diff1          48          48   2609574.1361438688        2609574.0000000000       0.13614386878907681     
 diff1          48          49   3294138.2111328612        3294138.0000000000       0.21113286120817065     
 diff1          48          50   3296903.1265523913        3296903.0000000000       0.12655239133164287     
 diff1          48          55   460906.09323714039        460906.09999999998      -6.76285958616062999E-003
 diff1          48          56   531283.30315849558        531283.30000000005       3.15849552862346172E-003
 diff1          48          57   3306879.9028549413        3306880.0000000000      -9.71450586803257465E-002
 diff1          48          58   3306879.9028549413        3306880.0000000000      -9.71450586803257465E-002
 diff1          48          61   184.62643062593821        184.62639999999999       3.06259382227835886E-005
 diff1          48          65   3053709.0894394522        3053709.0000000000       8.94394521601498127E-002
 diff1          48          66   2829580.8365794537        2829581.0000000000      -0.16342054633423686     
 diff1          48          68   7209.0760568214155        7209.0760000000000       5.68214154554880224E-005
 diff1          48          69   297266.58661156020        297266.59999999998      -1.33884397801011801E-002
 diff1          48          70   1142929.9383573260        1142930.0000000000      -6.16426740307360888E-002
 diff1          48          71   3285398.7198288566        3285399.0000000000      -0.28017114335671067     
 diff1          48          72   3272579.3734764871        3272579.0000000000       0.37347648711875081     
 diff1          48          75   729279.12269392447        729279.09999999998       2.26939244894310832E-002
 diff1          48          76   2208143.9302978902        2208144.0000000000      -6.97021097876131535E-002
 diff1          48          78   210.89163242208102        210.89160000000001       3.24220810057340714E-005
 diff1          48          79   2677561.7343628756        2677562.0000000000      -0.26563712442293763     
 diff1          48          80   3289004.8085982963        3289005.0000000000      -0.19140170374885201     
 diff1          48          84   3289004.8084016074        3289005.0000000000      -0.19159839255735278     
 diff1          48          86   778822.03769274883        778822.00000000000       3.76927488250657916E-002
 diff1          49           1   44078.676700622462        44078.680000000000      -3.29937753849662840E-003
 diff1          49           2   4396680.6646997835        4396681.0000000000      -0.33530021645128727     
 diff1          49           4   57526495.354908824        57526500.000000000       -4.6450911760330200     
 diff1          49           5   60844812.744517989        60844810.000000000        2.7445179894566536     
 diff1          49           7   3020344.5602926249        3020345.0000000000      -0.43970737513154745     
 diff1          49           8   9707076.0730033331        9707076.0000000000       7.30033330619335175E-002
 diff1          49           9   62992466.939807989        62992470.000000000       -3.0601920112967491     
 diff1          49          10   62991271.000810511        62991270.000000000        1.0008105114102364     
 diff1          49          13   841.12217375251146        841.12220000000002      -2.62474885630581412E-005
 diff1          49          14   106459.34375901135        106459.30000000000       4.37590113433543593E-002
 diff1          49          15   45646387.202195339        45646390.000000000       -2.7978046610951424     
 diff1          49          16   42594694.989241220        42594690.000000000        4.9892412200570107     
 diff1          49          17   58597449.086859725        58597450.000000000      -0.91314027458429337     
 diff1          49          18   58597449.086873896        58597450.000000000      -0.91312610357999802     
 diff1          49          23   1961.8674830676600        1961.8670000000000       4.83067660070446436E-004
 diff1          49          24   16720.711793723152        16720.709999999999       1.79372315324144438E-003
 diff1          49          25   58596643.621266581        58596640.000000000        3.6212665811181068     
 diff1          49          26   58561705.589611962        58561710.000000000       -4.4103880375623703     
 diff1          49          29   4801182.6667171819        4801183.0000000000      -0.33328281808644533     
 diff1          49          30   12842985.669579305        12842990.000000000       -4.3304206952452660     
 diff1          49          31   586656.68940150540        586656.69999999995      -1.05984945548698306E-002
 diff1          49          32   8812144.3011894356        8812144.0000000000       0.30118943564593792     
 diff1          49          33   52441431.081397831        52441430.000000000        1.0813978314399719     
 diff1          49          34   53091076.741340794        53091080.000000000       -3.2586592063307762     
 diff1          49          37   3319.9372684542436        3319.9369999999999       2.68454243723681429E-004
 diff1          49          38   718252.56218823255        718252.59999999998      -3.78117674263194203E-002
 diff1          49          40   15056.788154618749        15056.790000000001      -1.84538125176914036E-003
 diff1          49          41   59628810.491131365        59628810.000000000       0.49113136529922485     
 diff1          49          42   55233551.728789970        55233550.000000000        1.7287899702787399     
 diff1          49          45   7292923.8377716085        7292924.0000000000      -0.16222839150577784     
 diff1          49          46   21615300.091878217        21615300.000000000       9.18782167136669159E-002
 diff1          49          47   44945462.346727662        44945460.000000000        2.3467276617884636     
 diff1          49          48   49271475.916485116        49271480.000000000       -4.0835148841142654     
 diff1          49          49   62306195.543124460        62306200.000000000       -4.4568755403161049     
 diff1          49          50   62440764.159401745        62440760.000000000        4.1594017446041107     
 diff1          49          55   8120728.2165070958        8120728.0000000000       0.21650709584355354     
 diff1          49          56   9823965.2002998963        9823965.0000000000       0.20029989629983902     
 diff1          49          57   62637072.173866697        62637070.000000000        2.1738666966557503     
 diff1          49          58   62637072.173866697        62637070.000000000        2.1738666966557503     
 diff1          49          61   2437.1843726757957        2437.1840000000002       3.72675795460963855E-004
 diff1          49          62   13910.133916111128        13910.129999999999       3.91611112900136504E-003
 diff1          49          65   57130379.107779898        57130380.000000000      -0.89222010225057602     
 diff1          49          66   53474978.418856502        53474980.000000000       -1.5811434984207153     
 diff1          49          68   129707.51869376532        129707.50000000000       1.86937653197674081E-002
 diff1          49          69   4601660.0575410090        4601660.0000000000       5.75410090386867523E-002
 diff1          49          70   21402680.712321263        21402680.000000000       0.71232126280665398     
 diff1          49          71   62226427.192560121        62226430.000000000       -2.8074398785829544     
 diff1          49          72   61976334.841731139        61976330.000000000        4.8417311385273933     
 diff1          49          75   11998277.739300208        11998280.000000000       -2.2606997918337584     
 diff1          49          76   41585622.694533333        41585620.000000000        2.6945333331823349     
 diff1          49          78   3525.3412276137692        3525.3409999999999       2.27613769311574288E-004
 diff1          49          79   50572280.316361293        50572280.000000000       0.31636129319667816     
 diff1          49          80   62298492.121987127        62298490.000000000        2.1219871267676353     
 diff1          49          83   732.84874538788870        732.84870000000001       4.53878886901293299E-005
 diff1          49          84   62298492.107688203        62298490.000000000        2.1076882034540176     
 diff1          49          86   13535351.077549271        13535350.000000000        1.0775492712855339     
 diff1          50           1   5178426.3747253222        5178426.0000000000       0.37472532223910093     
 diff1          50           2   613234906.06857884        613234900.00000000        6.0685788393020630     
 diff1          50           4   8135499309.0354691        8135499000.0000000        309.03546905517578     
 diff1          50           5   8615770450.1590195        8615770000.0000000        450.15901947021484     
 diff1          50           7   393230284.58173519        393230300.00000000       -15.418264806270599     
 diff1          50           8   1360371885.4432731        1360372000.0000000       -114.55672693252563     
 diff1          50           9   8920061859.9513130        8920062000.0000000       -140.04868698120117     
 diff1          50          10   8919885951.3307095        8919886000.0000000       -48.669290542602539     
 diff1          50          13   88897.645915585381        88897.649999999994      -4.08441461331676692E-003
 diff1          50          14   13859547.168965328        13859550.000000000       -2.8310346715152264     
 diff1          50          15   6429442771.7182264        6429443000.0000000       -228.28177356719971     
 diff1          50          16   6018271547.6150894        6018272000.0000000       -452.38491058349609     
 diff1          50          17   8297710938.4636307        8297711000.0000000       -61.536369323730469     
 diff1          50          18   8297710938.4721909        8297711000.0000000       -61.527809143066406     
 diff1          50          23   235052.04942950612        235052.00000000000       4.94295061216689646E-002
 diff1          50          24   2183546.2018782631        2183546.0000000000       0.20187826314941049     
 diff1          50          25   8297560398.0425386        8297560000.0000000        398.04253864288330     
 diff1          50          26   8292482256.2055740        8292482000.0000000        256.20557403564453     
 diff1          50          29   626661229.47794163        626661200.00000000        29.477941632270813     
 diff1          50          30   1766095677.9589679        1766096000.0000000       -322.04103207588196     
 diff1          50          31   73529425.597796649        73529430.000000000       -4.4022033512592316     
 diff1          50          32   1233893698.7502952        1233894000.0000000       -301.24970483779907     
 diff1          50          33   7313284237.0608578        7313284000.0000000        237.06085777282715     
 diff1          50          34   7510866732.0573435        7510867000.0000000       -267.94265651702881     
 diff1          50          37   368799.21292739373        368799.20000000001       1.29273937200196087E-002
 diff1          50          38   98256946.354221180        98256950.000000000       -3.6457788199186325     
 diff1          50          40   2020855.0315105959        2020855.0000000000       3.15105959307402372E-002
 diff1          50          41   8388731401.8716841        8388731000.0000000        401.87168407440186     
 diff1          50          42   7812722617.2736645        7812723000.0000000       -382.72633552551270     
 diff1          50          45   945750852.76702106        945750900.00000000       -47.232978940010071     
 diff1          50          46   3040303827.9421010        3040304000.0000000       -172.05789899826050     
 diff1          50          47   6212242550.9857855        6212243000.0000000       -449.01421451568604     
 diff1          50          48   6964415096.1348295        6964415000.0000000        96.134829521179199     
 diff1          50          49   8813947412.2309856        8813947000.0000000        412.23098564147949     
 diff1          50          50   8841343418.2215328        8841343000.0000000        418.22153282165527     
 diff1          50          55   1100862186.9728401        1100862000.0000000        186.97284007072449     
 diff1          50          56   1371119906.7215831        1371120000.0000000       -93.278416872024536     
 diff1          50          57   8869743086.6046181        8869743000.0000000        86.604618072509766     
 diff1          50          58   8869743086.6046181        8869743000.0000000        86.604618072509766     
 diff1          50          61   279249.46209962521        279249.50000000000      -3.79003747948445380E-002
 diff1          50          62   1727091.9899081057        1727092.0000000000      -1.00918943062424660E-002
 diff1          50          65   8025492477.8819017        8025492000.0000000        477.88190174102783     
 diff1          50          66   7562511991.9963131        7562512000.0000000       -8.0036869049072266     
 diff1          50          68   17836193.157716602        17836190.000000000        3.1577166020870209     
 diff1          50          69   580279004.32880282        580279000.00000000        4.3288028240203857     
 diff1          50          70   3010995885.5892820        3010996000.0000000       -114.41071796417236     
 diff1          50          71   8811270184.4475822        8811270000.0000000        184.44758224487305     
 diff1          50          72   8775276409.8905487        8775276000.0000000        409.89054870605469     
 diff1          50          75   1565524221.3702452        1565524000.0000000        221.37024521827698     
 diff1          50          76   5869453643.1121197        5869454000.0000000       -356.88788032531738     
 diff1          50          78   463797.13999686763        463797.09999999998       3.99968676501885056E-002
 diff1          50          79   7149655725.5470772        7149656000.0000000       -274.45292282104492     
 diff1          50          80   8821798347.6473904        8821798000.0000000        347.64739036560059     
 diff1          50          83   90260.187364567508        90260.190000000002      -2.63543249457143247E-003
 diff1          50          84   8821798343.5630684        8821798000.0000000        343.56306838989258     
 diff1          50          86   1821654732.0751362        1821655000.0000000       -267.92486381530762     
 diff1          29         148  5.82753651490186056E-002  5.82574599999999970E-002  1.79051490186085682E-005
 diff1          30         148  9.52867338338278941E-002  9.50521899999999947E-002  2.34543833827899340E-004
 diff1          31         148  0.15529903730648564       0.15375730000000001       1.54173730648562990E-003
 diff1          32         148  0.24705435184628646       0.23983460000000001       7.21975184628645406E-003
 diff1          33         148  0.36883950216942968       0.34224979999999999       2.65897021694296853E-002
 diff1          34         148  0.48392203182610177       0.40632069999999998       7.76013318261017937E-002
 diff1          41           4   108.05135827150102        108.05140000000000      -4.17284989850941201E-005
 diff1          41           6   171.26966376377402        171.26970000000000      -3.62362259807014198E-005
 diff1          41          12   139.47111749285406        139.47110000000001       1.74928540559449175E-005
 diff1          41          13   177.36756486892835        177.36760000000001      -3.51310716553143720E-005
 diff1          41          14   176.26611638711344        176.26609999999999       1.63871134475357394E-005
 diff1          41          20   157.40373853121812        157.40369999999999       3.85312181379049434E-005
 diff1          41          22   164.99284101830870        164.99279999999999       4.10183087069526664E-005
 diff1          41          29   164.90985068697947        164.90989999999999      -4.93130205256875342E-005
 diff1          41          33   100.09034145807072        100.09030000000000       4.14580707257528047E-005
 diff1          41          36   159.54047580427962        159.54050000000001      -2.41957203854781255E-005
 diff1          41          37   152.90083290499825        152.90080000000000       3.29049982497053861E-005
 diff1          41          38   148.19913955030253        148.19909999999999       3.95503025458765478E-005
 diff1          41          41   163.89717573072832        163.89720000000000      -2.42692716767578531E-005
 diff1          41          45   176.19276752138825        176.19280000000001      -3.24786117573694355E-005
 diff1          41          46   105.90344831927572        105.90340000000000       4.83192757201322820E-005
 diff1          41          52   176.21027366100714        176.21029999999999      -2.63389928534252249E-005
 diff1          41          62   176.36704944413552        176.36699999999999       4.94441355272101646E-005
 diff1          41          65   158.06773218818884        158.06770000000000       3.21881888396546856E-005
 diff1          41          68   111.61273995412850        111.61270000000000       3.99541284963333965E-005
 diff1          41          73   170.64422089728072        170.64420000000001       2.08972807058671606E-005
 diff1          41          74   175.41386801906518        175.41390000000001      -3.19809348354738177E-005
 diff1          41          78   167.65016323449504        167.65020000000001      -3.67655049728909944E-005
 diff1          41          82   175.41386812119572        175.41390000000001      -3.18788042932283133E-005
 diff1          41          86   173.13917969701092        173.13919999999999      -2.03029890712969063E-005
 diff1          42           4   163.75604738447859        163.75600000000000       4.73844785915389366E-005
 diff1          42          12   302.35744859864076        302.35739999999998       4.85986407738892012E-005
 diff1          42          13   418.29064136847876        418.29059999999998       4.13684787758938910E-005
 diff1          42          14   410.96608275427252        410.96609999999998      -1.72457274629778112E-005
 diff1          42          19   226.16228640452411        226.16229999999999      -1.35954758775369555E-005
 diff1          42          20   361.64775914010437        361.64780000000002      -4.08598956482819631E-005
 diff1          42          21   389.12155552602292        389.12160000000000      -4.44739770841806603E-005
 diff1          42          29   388.24608243384534        388.24610000000001      -1.75661546677474689E-005
 diff1          42          30   341.15045938597302        341.15050000000002      -4.06140270001742465E-005
 diff1          42          37   347.63157469498645        347.63159999999999      -2.53050135370358475E-005
 diff1          42          38   311.53618473756075        311.53620000000001      -1.52624392626421468E-005
 diff1          42          41   342.98398247868607        342.98399999999998      -1.75213139073093771E-005
 diff1          42          46   159.76482084922156        159.76480000000001       2.08492215563182981E-005
 diff1          42          51   215.06484994292236        215.06479999999999       4.99429223737024586E-005
 diff1          42          52   415.01107049045601        415.01110000000000      -2.95095439923898084E-005
 diff1          42          53   383.24375758651263        383.24380000000002      -4.24134873924231215E-005
 diff1          42          60   160.98712701452965        160.98710000000000       2.70145296497048548E-005
 diff1          42          61   415.95604684957897        415.95600000000002       4.68495789505141147E-005
 diff1          42          62   415.92874863959736        415.92869999999999       4.86395973666731152E-005
 diff1          42          65   326.73311566294075        326.73309999999998       1.56629407683794852E-005
 diff1          42          68   155.73204619716944        155.73200000000000       4.61971694392104837E-005
 diff1          42          69   295.35718626408459        295.35719999999998      -1.37359153882243845E-005
 diff1          42          73   395.37145632157461        395.37150000000003      -4.36784254134181538E-005
 diff1          42          74   413.70508619612565        413.70510000000002      -1.38038743671131670E-005
 diff1          42          77   172.48117449727164        172.48120000000000      -2.55027283628805890E-005
 diff1          42          78   373.53135434230779        373.53140000000002      -4.56576922260865103E-005
 diff1          42          81   340.59094198644948        340.59089999999998       4.19864495029287355E-005
 diff1          42          82   413.70762726299569        413.70760000000001       2.72629956725722877E-005
 diff1          42          86   400.16003588138062        400.16000000000003       3.58813805974023126E-005
 diff1          43           1   111.70731128213266        111.70730000000000       1.12821326609946482E-005
 diff1          43           4   224.19233863645746        224.19229999999999       3.86364574751496548E-005
 diff1          43           6   1031.7574736861998        1031.7570000000001       4.73686199711664813E-004
 diff1          43          12   711.55253848501548        711.55250000000001       3.84850154659943655E-005
 diff1          43          13   1072.8739139844758        1072.8740000000000      -8.60155241753091104E-005
 diff1          43          14   1032.1786200335714        1032.1790000000001      -3.79966428681655088E-004
 diff1          43          20   900.33064734953587        900.33060000000000       4.73495358619402396E-005
 diff1          43          22   998.29336830997590        998.29340000000002      -3.16900241159601137E-005
 diff1          43          29   991.68591547447852        991.68589999999995       1.54744785731963930E-005
 diff1          43          30   783.79727009344617        783.79729999999995      -2.99065537774367840E-005
 diff1          43          33   285.96792780517677        285.96789999999999       2.78051767850229226E-005
 diff1          43          36   914.06965862820880        914.06970000000001      -4.13717912124411669E-005
 diff1          43          41   684.14985593598351        684.14990000000000      -4.40640164924843702E-005
 diff1          43          45   1059.5124054976475        1059.5119999999999       4.05497647534502903E-004
 diff1          43          46   224.31013182577738        224.31010000000001       3.18257773699315294E-005
 diff1          43          51   476.45953142050814        476.45949999999999       3.14205081508589501E-005
 diff1          43          52   1062.4007667540423        1062.4010000000001      -2.33245957815597649E-004
 diff1          43          53   951.69394750086758        951.69389999999999       4.75008675948629389E-005
 diff1          43          54   1064.4977883709978        1064.4980000000000      -2.11629002251356724E-004
 diff1          43          59   126.17768270674577        126.17770000000000      -1.72932542312764781E-005
 diff1          43          60   340.73646352571609        340.73649999999998      -3.64742838883103104E-005
 diff1          43          61   1067.1142641178812        1067.1140000000000       2.64117881215497619E-004
 diff1          43          62   1066.5988111339668        1066.5989999999999      -1.88866033113299636E-004
 diff1          43          65   661.62281853120624        661.62279999999998       1.85312062512821285E-005
 diff1          43          68   185.02458355723115        185.02459999999999      -1.64427688389423565E-005
 diff1          43          73   992.97487891018397        992.97490000000005      -2.10898160730721429E-005
 diff1          43          74   1061.2763454752044        1061.2760000000001       3.45475204312606365E-004
 diff1          43          77   369.27108920634447        369.27109999999999      -1.07936555195919937E-005
 diff1          43          78   870.08326549228912        870.08330000000001      -3.45077108931945986E-005
 diff1          43          81   822.35402789887291        822.35400000000004       2.78988728723561508E-005
 diff1          43          82   1061.3460570423085        1061.3460000000000       5.70423085264337715E-005
 diff1          43          86   990.97356656870420        990.97360000000003      -3.34312958329974208E-005
 diff1          44           1   232.31368810630605        232.31370000000001      -1.18936939657032781E-005
 diff1          44           4   309.12736712593988        309.12740000000002      -3.28740601389654330E-005
 diff1          44           6   2936.4903093014118        2936.4899999999998       3.09301412016793620E-004
 diff1          44          12   1870.5522008009129        1870.5519999999999       2.00800913034981932E-004
 diff1          44          13   3063.5491174455974        3063.5490000000000       1.17445597425103188E-004
 diff1          44          14   2854.5825175596124        2854.5830000000001      -4.82440387713722885E-004
 diff1          44          19   1294.0725786527271        1294.0730000000001      -4.21347273004357703E-004
 diff1          44          20   2491.8678653520119        2491.8679999999999      -1.34647988033975707E-004
 diff1          44          21   2850.5468378645678        2850.5470000000000      -1.62135432219656650E-004
 diff1          44          22   2851.8253091458455        2851.8249999999998       3.09145845676539466E-004
 diff1          44          28   160.69131405414760        160.69130000000001       1.40541475843747321E-005
 diff1          44          29   2809.3481314877022        2809.3480000000000       1.31487702219601488E-004
 diff1          44          30   1923.6890460893776        1923.6890000000001       4.60893775198201183E-005
 diff1          44          33   433.70017620135724        433.70020000000000      -2.37986427578107396E-005
 diff1          44          36   2492.0033643460883        2492.0030000000002       3.64346088190359296E-004
 diff1          44          37   2348.5852768640298        2348.5850000000000       2.76864029729040340E-004
 diff1          44          38   1492.1666655939241        1492.1669999999999      -3.34406075808146852E-004
 diff1          44          41   1322.3794130619933        1322.3789999999999       4.13061993413066375E-004
 diff1          44          44   700.34211270526009        700.34209999999996       1.27052601328614401E-005
 diff1          44          45   3002.4025357100759        3002.4029999999998      -4.64289923911564983E-004
 diff1          44          46   323.76946859164025        323.76949999999999      -3.14083597459102748E-005
 diff1          44          51   1186.0123092503550        1186.0119999999999       3.09250355030599167E-004
 diff1          44          52   3026.3974693535979        3026.3969999999999       4.69353597964072833E-004
 diff1          44          53   2627.6443286882236        2627.6439999999998       3.28688223817152902E-004
 diff1          44          60   814.57573546018546        814.57569999999998       3.54601854724023724E-005
 diff1          44          61   3048.4258029605403        3048.4259999999999      -1.97039459635561798E-004
 diff1          44          62   3043.2524050034685        3043.2520000000000       4.05003468586073723E-004
 diff1          44          65   1341.5586798685317        1341.5590000000000      -3.20131468242834671E-004
 diff1          44          68   218.95532909774778        218.95529999999999       2.90977477845899557E-005
 diff1          44          69   1812.3701061277252        1812.3699999999999       1.06127725302940235E-004
 diff1          44          73   2771.8920826514586        2771.8919999999998       8.26514587970450521E-005
 diff1          44          74   3031.2052916558059        3031.2049999999999       2.91655805995105766E-004
 diff1          44          77   891.78404514453882        891.78399999999999       4.51445388307547546E-005
 diff1          44          78   2156.1263602613285        2156.1260000000002       3.60261328296473948E-004
 diff1          44          81   2211.5935741317298        2211.5940000000001      -4.25868270212959033E-004
 diff1          44          82   3031.9479694358474        3031.9479999999999      -3.05641524391830899E-005
 diff1          44          86   2684.7786778233321        2684.7790000000000      -3.22176667850726517E-004
 diff1          45           1   573.21346395006344        573.21349999999995      -3.60499365115174442E-005
 diff1          45           4   491.09284554785933        491.09280000000001       4.55478593153202382E-005
 diff1          45           6   9623.9225333812556        9623.9230000000007      -4.66618745122104883E-004
 diff1          45          11   173.35028917955404        173.35030000000000      -1.08204459650096396E-005
 diff1          45          12   5706.3762055889401        5706.3760000000002       2.05588939934386872E-004
 diff1          45          13   10077.958340248313        10077.959999999999      -1.65975168602017220E-003
 diff1          45          14   9003.7131044899215        9003.7129999999997       1.04489921795902774E-004
 diff1          45          19   3822.4425176568343        3822.4430000000002      -4.82343165913334815E-004
 diff1          45          20   7952.7535653632958        7952.7539999999999      -4.34636704085278325E-004
 diff1          45          21   9378.4784163220011        9378.4779999999992       4.16322001910884865E-004
 diff1          45          22   9387.4689111893822        9387.4689999999991      -8.88106169441016391E-005
 diff1          45          28   388.10318958309387        388.10320000000002      -1.04169061501124816E-005
 diff1          45          29   9124.2170848560290        9124.2170000000006       8.48560284794075415E-005
 diff1          45          30   5262.8776678430031        5262.8779999999997      -3.32156996591947973E-004
 diff1          45          33   718.04056124176009        718.04060000000004      -3.87582399525854271E-005
 diff1          45          35   120.88015370332639        120.88020000000000      -4.62966736165526527E-005
 diff1          45          36   7703.5449692854745        7703.5450000000001      -3.07145255646901205E-005
 diff1          45          37   7436.8859113804547        7436.8860000000004      -8.86195457496796735E-005
 diff1          45          38   3679.3585301375388        3679.3589999999999      -4.69862461159209488E-004
 diff1          45          41   2730.8832222753131        2730.8829999999998       2.22275313262798591E-004
 diff1          45          44   1751.7226291735569        1751.7230000000000      -3.70826443031546660E-004
 diff1          45          45   9749.0930404734027        9749.0930000000008       4.04734018957242370E-005
 diff1          45          46   538.64103165658275        538.64099999999996       3.16565827915837872E-005
 diff1          45          51   3451.6765780763558        3451.6770000000001      -4.21923644353228156E-004
 diff1          45          52   9929.2957568337115        9929.2960000000003      -2.43166288782958873E-004
 diff1          45          53   8367.5869282270232        8367.5869999999995      -7.17729762982344255E-005
 diff1          45          54   9914.7501941276987        9914.7500000000000       1.94127698705415241E-004
 diff1          45          59   684.76711722373659        684.76710000000003       1.72237365632099682E-005
 diff1          45          60   2290.2598011516629        2290.2600000000002      -1.98848337277013343E-004
 diff1          45          61   10034.585589663753        10034.590000000000      -4.41033624701958615E-003
 diff1          45          62   9994.1521491703788        9994.1520000000000       1.49170378790586255E-004
 diff1          45          65   2947.4602231592853        2947.4600000000000       2.23159285269503016E-004
 diff1          45          68   304.39027816746142        304.39030000000002      -2.18325386072137917E-005
 diff1          45          69   5444.2024024669790        5444.2020000000002       4.02466978812299203E-004
 diff1          45          73   8915.9198311920663        8915.9200000000001      -1.68807933732750826E-004
 diff1          45          74   9974.6860777384481        9974.6859999999997       7.77384484536014497E-005
 diff1          45          77   2529.1437875979395        2529.1439999999998      -2.12402060242311563E-004
 diff1          45          78   5917.8741521801303        5917.8739999999998       1.52180130498891231E-004
 diff1          45          81   6880.0058125319001        6880.0060000000003      -1.87468100193655118E-004
 diff1          45          82   9980.4117322383117        9980.4120000000003      -2.67761688519385643E-004
 diff1          45          86   8235.2464525099786        8235.2459999999992       4.52509979368187487E-004
 diff1          46           1   1781.7061098779407        1781.7059999999999       1.09877940758451587E-004
 diff1          46           4   1016.6644124254366        1016.6640000000000       4.12425436593366612E-004
 diff1          46           6   38313.564619115423        38313.559999999998       4.61911542515736073E-003
 diff1          46          11   500.51597413033096        500.51600000000002      -2.58696690593751555E-005
 diff1          46          12   21355.972075318081        21355.970000000001       2.07531807973282412E-003
 diff1          46          13   40274.777464258172        40274.779999999999      -2.53574182715965435E-003
 diff1          46          14   34270.672535653430        34270.669999999998       2.53565343155059963E-003
 diff1          46          19   13931.815774922054        13931.820000000000      -4.22507794610282872E-003
 diff1          46          20   30920.496301986164        30920.500000000000      -3.69801383567391895E-003
 diff1          46          21   37483.038812330058        37483.040000000001      -1.18766994273755699E-003
 diff1          46          22   37543.462132197601        37543.459999999999       2.13219760189531371E-003
 diff1          46          28   1188.3900441947126        1188.3900000000001       4.41947124727448681E-005
 diff1          46          29   35825.857629176913        35825.860000000001      -2.37082308740355074E-003
 diff1          46          30   17221.638674609469        17221.639999999999      -1.32539053083746694E-003
 diff1          46          33   1510.1280338560600        1510.1279999999999       3.38560600994242122E-005
 diff1          46          35   339.87387986840758        339.87389999999999      -2.01315924073242059E-005
 diff1          46          36   28540.943300545900        28540.939999999999       3.30054590085637756E-003
 diff1          46          37   28737.234965302880        28737.230000000000       4.96530288000940345E-003
 diff1          46          38   10924.413172164048        10924.410000000000       3.17216404801001772E-003
 diff1          46          41   6859.9554812146553        6859.9549999999999       4.81214655337680597E-004
 diff1          46          44   5383.3210139561588        5383.3209999999999       1.39561589094228111E-005
 diff1          46          45   38236.170681492855        38236.169999999998       6.81492856529075652E-004
 diff1          46          46   1154.4529434363292        1154.4530000000000      -5.65636707960948115E-005
 diff1          46          51   12427.794626875526        12427.790000000001       4.62687552499119192E-003
 diff1          46          52   39571.622963575152        39571.620000000003       2.96357514889677987E-003
 diff1          46          53   32471.392796173666        32471.389999999999       2.79617366686579771E-003
 diff1          46          54   39345.839723867721        39345.839999999997      -2.76132275757845491E-004
 diff1          46          59   2205.9230304862990        2205.9229999999998       3.04862992379639763E-005
 diff1          46          60   8015.0044313672643        8015.0039999999999       4.31367264354776125E-004
 diff1          46          61   40130.845310755685        40130.849999999999      -4.68924431334016845E-003
 diff1          46          62   39832.737754111942        39832.739999999998      -2.24588805576786399E-003
 diff1          46          65   7857.9282200686739        7857.9279999999999       2.20068674025242217E-004
 diff1          46          68   567.11977281361908        567.11980000000005      -2.71863809757633135E-005
 diff1          46          69   19896.898600770648        19896.900000000001      -1.39922935341019183E-003
 diff1          46          73   34900.340375326690        34900.339999999997       3.75326693756505847E-004
 diff1          46          74   39874.726411344622        39874.730000000003      -3.58865538146346807E-003
 diff1          46          77   8914.4281115475696        8914.4279999999999       1.11547569758840837E-004
 diff1          46          78   19335.119285620040        19335.119999999999      -7.14379959390498698E-004
 diff1          46          81   26175.952511070551        26175.950000000001       2.51107055009924807E-003
 diff1          46          82   39915.701842052149        39915.699999999997       1.84205215191468596E-003
 diff1          46          86   30296.128413410392        30296.130000000001      -1.58658960936008953E-003
 diff1          47           1   7669.0115754503940        7669.0119999999997      -4.24549605668289587E-004
 diff1          47           2   174.53816272428412        174.53819999999999      -3.72757158686454204E-005
 diff1          47           4   3111.9893832302505        3111.9890000000000       3.83230250463384436E-004
 diff1          47           6   202554.16938705702        202554.20000000001      -3.06129429955035448E-002
 diff1          47          11   2039.0723734412611        2039.0719999999999       3.73441261217521969E-004
 diff1          47          12   107318.39326465750        107318.39999999999      -6.73534249654039741E-003
 diff1          47          13   213678.59062960767        213678.60000000001      -9.37039233394898474E-003
 diff1          47          14   172967.09708713260        172967.10000000001      -2.91286740684881806E-003
 diff1          47          19   68593.755934178480        68593.759999999995      -4.06582151481416076E-003
 diff1          47          20   160272.96297445329        160273.00000000000      -3.70255467132665217E-002
 diff1          47          21   198876.40645844056        198876.39999999999       6.45844056271016598E-003
 diff1          47          22   199332.86496201248        199332.89999999999      -3.50379875162616372E-002
 diff1          47          28   5063.8408095637960        5063.8410000000003      -1.90436204320576508E-004
 diff1          47          29   186178.42676253428        186178.39999999999       2.67625342821702361E-002
 diff1          47          30   75331.286775462009        75331.289999999994      -3.22453798435162753E-003
 diff1          47          33   4645.3732665417019        4645.3729999999996       2.66541702330869157E-004
 diff1          47          35   1353.4628304055273        1353.4630000000000      -1.69594472708922694E-004
 diff1          47          36   139538.69966693531        139538.70000000001      -3.33064701408147812E-004
 diff1          47          37   148277.21503527547        148277.20000000001       1.50352754571940750E-002
 diff1          47          38   44179.958454211512        44179.959999999999      -1.54578848741948605E-003
 diff1          47          41   24173.456624522743        24173.459999999999      -3.37547725575859658E-003
 diff1          47          44   22606.049500263824        22606.049999999999      -4.99736175697762519E-004
 diff1          47          45   198328.40061899248        198328.39999999999       6.18992489762604237E-004
 diff1          47          46   3615.3571127409318        3615.3570000000000       1.12740931854204973E-004
 diff1          47          51   60602.378776795988        60602.379999999997      -1.22320400987518951E-003
 diff1          47          52   209391.29067240225        209391.29999999999      -9.32759774150326848E-003
 diff1          47          53   168049.43234669860        168049.39999999999       3.23466986010316759E-002
 diff1          47          54   207095.98102659200        207096.00000000000      -1.89734080049674958E-002
 diff1          47          59   9843.3793754628587        9843.3790000000008       3.75462857846287079E-004
 diff1          47          60   38216.565812765271        38216.570000000000      -4.18723472830606624E-003
 diff1          47          61   213064.00968602719        213064.00000000000       9.68602718785405159E-003
 diff1          47          62   210625.05048383024        210625.10000000001      -4.95161697617731988E-002
 diff1          47          65   29119.862091593179        29119.860000000001       2.09159317819285206E-003
 diff1          47          66   248.38096525964704        248.38100000000000      -3.47403529588063975E-005
 diff1          47          68   1606.4839612273936        1606.4839999999999      -3.87726063308946323E-005
 diff1          47          69   97144.566909517467        97144.570000000007      -3.09048253984656185E-003
 diff1          47          73   181901.11669378384        181901.10000000001       1.66937838366720825E-002
 diff1          47          74   211614.86055579016        211614.89999999999      -3.94442098331637681E-002
 diff1          47          77   42745.790849230361        42745.790000000001       8.49230360472574830E-004
 diff1          47          78   84284.030500501423        84284.029999999999       5.00501424539834261E-004
 diff1          47          81   133333.88386243477        133333.89999999999      -1.61375652241986245E-002
 diff1          47          82   211940.51838824796        211940.50000000000       1.83882479614112526E-002
 diff1          47          86   147425.72566374188        147425.70000000001       2.56637418642640114E-002
 diff1          48           1   54203.176235914747        54203.180000000000      -3.76408525335136801E-003
 diff1          48           4   16909.315608682009        16909.320000000000      -4.39131799066672102E-003
 diff1          48           6   1679712.6436223753        1679713.0000000000      -0.35637762467376888     
 diff1          48          11   13862.037407605592        13862.040000000001      -2.59239440856617875E-003
 diff1          48          12   855838.45636110287        855838.50000000000      -4.36388971284031868E-002
 diff1          48          13   1777233.0114604624        1777233.0000000000       1.14604623522609472E-002
 diff1          48          14   1375202.6729372235        1375203.0000000000      -0.32706277654506266     
 diff1          48          19   539014.91304589435        539014.90000000002       1.30458943312987685E-002
 diff1          48          20   1308908.2426152704        1308908.0000000000       0.24261527042835951     
 diff1          48          21   1654128.4416852316        1654128.0000000000       0.44168523163534701     
 diff1          48          22   1658924.7066811437        1658925.0000000000      -0.29331885627470911     
 diff1          48          28   35556.428987650317        35556.430000000000      -1.01234968315111473E-003
 diff1          48          29   1516853.1917860548        1516853.0000000000       0.19178605475462973     
 diff1          48          30   531051.35136756382        531051.40000000002      -4.86324361991137266E-002
 diff1          48          33   25258.658056067241        25258.660000000000      -1.94393275887705386E-003
 diff1          48          35   9035.2630137040342        9035.2630000000008       1.37040333356708288E-005
 diff1          48          36   1074604.8972166767        1074605.0000000000      -0.10278332326561213     
 diff1          48          37   1207062.7523256526        1207063.0000000000      -0.24767434736713767     
 diff1          48          38   294309.98254699173        294310.00000000000      -1.74530082731507719E-002
 diff1          48          40   332.54905430036382        332.54910000000001      -4.56996361890560365E-005
 diff1          48          41   145215.53607863982        145215.50000000000       3.60786398232448846E-002
 diff1          48          44   155385.04611876939        155385.00000000000       4.61187693872489035E-002
 diff1          48          45   1612334.6499472177        1612335.0000000000      -0.35005278233438730     
 diff1          48          46   19927.699578691558        19927.700000000001      -4.21308443037560210E-004
 diff1          48          51   472816.53281569050        472816.50000000000       3.28156905015930533E-002
 diff1          48          52   1737497.6983768740        1737498.0000000000      -0.30162312602624297     
 diff1          48          53   1370777.7418716014        1370778.0000000000      -0.25812839856371284     
 diff1          48          54   1709207.8285950508        1709208.0000000000      -0.17140494915656745     
 diff1          48          59   71836.152227735409        71836.149999999994       2.22773541463539004E-003
 diff1          48          60   293213.99254612665        293214.00000000000      -7.45387334609404206E-003
 diff1          48          61   1773133.7396004626        1773134.0000000000      -0.26039953739382327     
 diff1          48          62   1745794.1025448486        1745794.0000000000       0.10254484857432544     
 diff1          48          65   181844.12380313795        181844.10000000001       2.38031379412859678E-002
 diff1          48          66   1159.3178044115068        1159.3180000000000      -1.95588493170362199E-004
 diff1          48          68   8273.4417143030350        8273.4419999999991      -2.85696964056114666E-004
 diff1          48          69   752657.57446800300        752657.59999999998      -2.55319969728589058E-002
 diff1          48          70   120.91712295712577        120.91710000000000       2.29571257648331084E-005
 diff1          48          73   1491779.4656328887        1491779.0000000000       0.46563288872130215     
 diff1          48          74   1760447.3766515877        1760447.0000000000       0.37665158766321838     
 diff1          48          75   1126.0637993503267        1126.0640000000001      -2.00649673388397787E-004
 diff1          48          77   329349.96365603432        329350.00000000000      -3.63439656794071198E-002
 diff1          48          78   592167.91781476198        592167.90000000002       1.78147619590163231E-002
 diff1          48          81   1074660.0894481353        1074660.0000000000       8.94481353461742401E-002
 diff1          48          82   1764014.0736863480        1764014.0000000000       7.36863480415195227E-002
 diff1          48          86   1133078.4758929221        1133078.0000000000       0.47589292214252055     
 diff1          49           1   915103.03591261536        915103.00000000000       3.59126153634861112E-002
 diff1          49           2   10426.016386854188        10426.020000000000      -3.61314581277838442E-003
 diff1          49           4   237813.91484788165        237813.89999999999       1.48478816554415971E-002
 diff1          49           6   31729467.431243986        31729470.000000000       -2.5687560141086578     
 diff1          49          11   228164.61052908713        228164.60000000001       1.05290871288161725E-002
 diff1          49          12   15730873.407553809        15730870.000000000        3.4075538087636232     
 diff1          49          13   33645259.976005048        33645260.000000000      -2.39949524402618408E-002
 diff1          49          14   25137559.993367657        25137560.000000000      -6.63234293460845947E-003
 diff1          49          19   9811958.0289746672        9811958.0000000000       2.89746671915054321E-002
 diff1          49          20   24462080.924591884        24462080.000000000       0.92459188401699066     
 diff1          49          21   31314253.563273791        31314250.000000000        3.5632737912237644     
 diff1          49          22   31419265.245979961        31419270.000000000       -4.7540200389921665     
 diff1          49          25   929.37925121044213        929.37929999999994      -4.87895578089592163E-005
 diff1          49          28   597884.40688235278        597884.40000000002       6.88235275447368622E-003
 diff1          49          29   28226880.681415860        28226880.000000000       0.68141585960984230     
 diff1          49          30   8887335.4235307761        8887335.0000000000       0.42353077605366707     
 diff1          49          33   355049.60224023479        355049.59999999998       2.24023481132462621E-003
 diff1          49          35   146786.82808870627        146786.79999999999       2.80887062835972756E-002
 diff1          49          36   19128366.550561469        19128370.000000000       -3.4494385309517384     
 diff1          49          37   22511671.784983538        22511670.000000000        1.7849835380911827     
 diff1          49          38   4747412.8616727684        4747413.0000000000      -0.13832723163068295     
 diff1          49          40   4099.9658844396345        4099.9660000000003      -1.15560365884448402E-004
 diff1          49          41   2183692.6588301430        2183693.0000000000      -0.34116985695436597     
 diff1          49          44   2561955.6212080177        2561956.0000000000      -0.37879198230803013     
 diff1          49          45   29945979.996026900        29945980.000000000      -3.97310033440589905E-003
 diff1          49          46   282684.44147855556        282684.40000000002       4.14785555331036448E-002
 diff1          49          51   8565032.3356734850        8565032.0000000000       0.33567348495125771     
 diff1          49          52   32833294.430731103        32833290.000000000        4.4307311028242111     
 diff1          49          53   25597103.772953942        25597100.000000000        3.7729539424180984     
 diff1          49          54   32153031.839650750        32153030.000000000        1.8396507501602173     
 diff1          49          59   1243002.9357392194        1243003.0000000000      -6.42607805784791708E-002
 diff1          49          60   5251293.9264860861        5251294.0000000000      -7.35139138996601105E-002
 diff1          49          61   33581101.665496528        33581100.000000000        1.6654965281486511     
 diff1          49          62   32953579.578690410        32953580.000000000      -0.42130959033966064     
 diff1          49          65   2808861.9408895210        2808862.0000000000      -5.91104789637029171E-002
 diff1          49          66   14660.753833044051        14660.750000000000       3.83304405113449320E-003
 diff1          49          68   112430.33341504906        112430.30000000000       3.34150490525644273E-002
 diff1          49          69   13507940.693475461        13507940.000000000       0.69347546063363552     
 diff1          49          70   1387.3247228071737        1387.3250000000000      -2.77192826388272806E-004
 diff1          49          73   27960477.328286417        27960480.000000000       -2.6717135831713676     
 diff1          49          74   33332424.600353763        33332420.000000000        4.6003537625074387     
 diff1          49          75   15621.743902975597        15621.740000000000       3.90297559715691023E-003
 diff1          49          77   5915460.5707490118        5915461.0000000000      -0.42925098817795515     
 diff1          49          78   9886881.2212619092        9886881.0000000000       0.22126190923154354     
 diff1          49          81   19903498.283881828        19903500.000000000       -1.7161181718111038     
 diff1          49          82   33412969.353321940        33412970.000000000      -0.64667806029319763     
 diff1          49          86   20166219.407952528        20166220.000000000      -0.59204747155308723     
 diff1          50           1   121185140.90851004        121185100.00000000        40.908510044217110     
 diff1          50           2   1171253.6424139589        1171254.0000000000      -0.35758604109287262     
 diff1          50           4   28345883.068434659        28345880.000000000        3.0684346593916416     
 diff1          50           6   4485689458.9987392        4485689000.0000000        458.99873924255371     
 diff1          50           9   2464.7374725245118        2464.7370000000001       4.72524511678784620E-004
 diff1          50          11   29793571.543079708        29793570.000000000        1.5430797077715397     
 diff1          50          12   2188935232.7397842        2188935000.0000000        232.73978424072266     
 diff1          50          13   4762778836.5389681        4762779000.0000000       -163.46103191375732     
 diff1          50          14   3482087285.2679677        3482087000.0000000        285.26796770095825     
 diff1          50          19   1358023800.3990562        1358024000.0000000       -199.60094380378723     
 diff1          50          20   3436934753.3324084        3436935000.0000000       -246.66759157180786     
 diff1          50          21   4432729148.2974176        4432729000.0000000        148.29741764068604     
 diff1          50          22   4448800554.6691227        4448801000.0000000       -445.33087730407715     
 diff1          50          25   97070.192359353372        97070.190000000002       2.35935336968395859E-003
 diff1          50          28   79007272.127752557        79007270.000000000        2.1277525573968887     
 diff1          50          29   3951751175.9271207        3951751000.0000000        175.92712068557739     
 diff1          50          30   1168196011.7616446        1168196000.0000000        11.761644601821899     
 diff1          50          33   42296391.084120542        42296390.000000000        1.0841205418109894     
 diff1          50          35   19019954.776754376        19019950.000000000        4.7767543755471706     
 diff1          50          36   2604831172.0985031        2604831000.0000000        172.09850311279297     
 diff1          50          37   3159248361.3545179        3159248000.0000000        361.35451793670654     
 diff1          50          38   611537202.38168991        611537200.00000000        2.3816899061203003     
 diff1          50          40   452994.42207803758        452994.40000000002       2.20780375530011952E-002
 diff1          50          41   270316832.39467430        270316800.00000000        32.394674301147461     
 diff1          50          44   334153963.41787934        334154000.00000000       -36.582120656967163     
 diff1          50          45   4187069599.3582439        4187070000.0000000       -400.64175605773926     
 diff1          50          46   33847550.968223996        33847550.000000000       0.96822399646043777     
 diff1          50          49   413.14886921344100        413.14890000000003      -3.07865590229994268E-005
 diff1          50          51   1182152630.1277952        1182153000.0000000       -369.87220478057861     
 diff1          50          52   4642590965.7784185        4642591000.0000000       -34.221581459045410     
 diff1          50          53   3594683184.8050823        3594683000.0000000        184.80508232116699     
 diff1          50          54   4533130276.5880156        4533130000.0000000        276.58801555633545     
 diff1          50          59   167111728.19724381        167111700.00000000        28.197243809700012     
 diff1          50          60   720086312.20333552        720086300.00000000        12.203335523605347     
 diff1          50          61   4754781509.5491762        4754782000.0000000       -490.45082378387451     
 diff1          50          62   4655992056.0566854        4655992000.0000000        56.056685447692871     
 diff1          50          64   610.77544874394300        610.77539999999999       4.87439430116864969E-005
 diff1          50          65   353109258.53779703        353109300.00000000       -41.462202966213226     
 diff1          50          66   1642923.9922074487        1642924.0000000000      -7.79255130328238010E-003
 diff1          50          68   13151266.737549815        13151270.000000000       -3.2624501846730709     
 diff1          50          69   1851097684.0418310        1851098000.0000000       -315.95816898345947     
 diff1          50          70   146753.02287797336        146753.00000000000       2.28779733588453382E-002
 diff1          50          73   3934989382.4003654        3934989000.0000000        382.40036535263062     
 diff1          50          74   4718892989.2709455        4718893000.0000000       -10.729054450988770     
 diff1          50          75   1843764.7088374419        1843765.0000000000      -0.29116255813278258     
 diff1          50          77   812493010.87933469        812493000.00000000        10.879334688186646     
 diff1          50          78   1297961315.4005880        1297961000.0000000        315.40058803558350     
 diff1          50          81   2782009564.9337959        2782010000.0000000       -435.06620407104492     
 diff1          50          82   4731454450.8389034        4731454000.0000000        450.83890342712402     
 diff1          50          85   2396.3872972842591        2396.3870000000002       2.97284258977015270E-004
 diff1          50          86   2747495815.4293838        2747496000.0000000       -184.57061624526978     
