divcon HF BASIS=STO-3G energy

 O                 -0.56428200   -0.57338900   -2.52729000
 O                 -3.55903200   -1.84346700   -2.14561800
 O                 -0.78063400    0.54962200    1.55967800
 O                 -2.35205400   -2.18756600    0.72179100
 O                 -2.78794500    1.06514800   -0.80100600
 O                 -0.74385200    3.06647000    3.69618800
 O                 -2.29861000    3.52773600    1.00714000
 O                  1.90007200   -0.30397000   -0.16400600
 O                  2.28779600   -2.17860900   -2.79388000
 O                  0.01715400   -3.56494600   -1.13063900
 O                  0.67263600   -2.50062900    1.90954000
 O                  3.70876400    2.34433800   -0.26312700
 O                  2.31905700    0.88615300   -3.21671700
 O                  0.33891000    2.59353700   -0.75370300
 O                  2.57209400    3.99531400   -2.72826800
 O                  1.88785500    2.39051900    2.22421900
 H                  1.53406100    3.00110000    2.87973500
 H                 -0.08085800   -1.33585700   -2.19211100
 H                  0.11906200   -0.06349600   -2.97304900
 H                 -3.97686700   -2.37744500   -2.82376600
 H                 -2.66179800   -1.71876100   -2.47403900
 H                 -1.53851600   -0.01436100    1.37054600
 H                 -0.95128200    1.32283100    1.01030100
 H                 -3.19669300   -2.02667100    0.29159800
 H                 -1.88970200   -2.74345400    0.08577200
 H                 -3.36307900    0.37230000   -1.13843500
 H                 -1.99543200    0.97319700   -1.34128700
 H                 -1.14279300    2.22045400    3.47901900
 H                 -1.26791000    3.69248700    3.18671500
 H                 -3.01299800    2.98891100    0.65372200
 H                 -1.68621300    3.58787500    0.26818700
 H                  1.03415000    0.11848100   -0.14863100
 H                  1.85527800   -0.91235000    0.58130600
 H                  2.60437000   -1.65084200   -2.05460500
 H                  2.44432200   -1.60560600   -3.55001100
 H                  0.54816900   -3.51718700   -0.32971900
 H                  0.67023200   -3.70952500   -1.82308600
 H                 -0.17206900   -2.03811800    1.86062500
 H                  0.64313000   -2.92886400    2.76701400
 H                  3.61230100    1.40626000   -0.07095100
 H                  3.61979000    2.74725900    0.60691000
 H                  2.54962200    1.07662800   -2.30144100
 H                  2.41755000    1.73966000   -3.64925100
 H                  0.66737100    2.95725700   -1.58170300
 H                  1.07707800    2.72184000   -0.14815400
 H                  3.26041500    3.80767500   -2.08021500
 H                  2.75650400    4.89554900   -3.00365600
 H                  1.31613500    1.62222600    2.32172200

