KEYWORD=DIVCON HF BASIS=STO-3G DENSERMS=0.00001 NCYC=1000 ENERGY ATOMBASIS

H         -1.444  -0.592   1.363
C         -0.882   0.323   1.178
H         -0.332   0.600   2.075
H         -1.566   1.122   0.899
C          0.093   0.078   0.050
O          0.162  -1.026  -0.473
N          0.848   1.110  -0.319
H          0.761   1.981   0.183
C          1.876   1.061  -1.361
H          2.330   0.069  -1.371
C          1.209   1.315  -2.721
H          0.749   2.305  -2.731
H          1.952   1.257  -3.517
H          0.441   0.561  -2.904
C          2.982   2.097  -1.090
O          2.781   3.042  -0.327
N          4.137   1.939  -1.741
H          4.235   1.164  -2.382
C          5.267   2.867  -1.675
H          4.895   3.888  -1.566
C          6.119   2.514  -0.446
H          6.500   1.495  -0.535
H          6.960   3.203  -0.365
H          5.515   2.593   0.460
C          6.108   2.789  -2.962
O          6.054   1.792  -3.681
N          6.904   3.826  -3.236
H          6.925   4.609  -2.598
C          7.837   3.887  -4.361
H          8.272   2.899  -4.525
C          7.066   4.310  -5.621
H          6.620   5.294  -5.473
H          7.742   4.350  -6.476
H          6.278   3.586  -5.834
C          8.975   4.881  -4.063
O          8.820   5.771  -3.228
N         10.101   4.749  -4.768
H         10.169   4.006  -5.450
C         11.233   5.674  -4.714
H         10.862   6.694  -4.603
C         12.104   5.324  -3.497
H         12.478   4.302  -3.588
H         12.950   6.009  -3.436
H         11.516   5.410  -2.582
C         12.056   5.588  -6.012
O         12.033   4.563  -6.692
N         12.801   6.647  -6.337
H         12.787   7.460  -5.736
C         13.738   6.695  -7.460
H         14.239   5.730  -7.556
C         12.953   6.983  -8.749
H         12.438   7.942  -8.667
H         13.634   7.016  -9.600
H         12.219   6.195  -8.922
C         14.802   7.783  -7.225
O         14.558   8.740  -6.492
N         15.963   7.652  -7.871
H         16.107   6.847  -8.463
C         17.033   8.651  -7.877
H         16.594   9.650  -7.919
C         17.850   8.517  -6.583
H         18.289   7.519  -6.521
H         18.649   9.259  -6.570
H         17.207   8.681  -5.718
C         17.938   8.459  -9.108
O         18.016   7.358  -9.653
N         18.642   9.514  -9.522
H         18.545  10.392  -9.031
C         19.651   9.484 -10.582
H         20.216   8.552 -10.517
C         18.945   9.545 -11.946
H         18.368  10.468 -12.026
H         19.683   9.515 -12.748
H         18.275   8.691 -12.057
C         20.629  10.663 -10.425
O         20.290  11.669  -9.802
N         21.823  10.552 -11.012
H         22.040   9.710 -11.526
C         22.826  11.617 -11.072
H         22.326  12.576 -11.217
C         23.596  11.651  -9.743
H         24.099  10.697  -9.577
H         24.340  12.449  -9.764
H         22.907  11.842  -8.919
C         23.786  11.384 -12.254
O         23.889  10.267 -12.760
N         24.507  12.428 -12.669
H         24.399  13.315 -12.198
C         25.553  12.369 -13.692
H         26.095  11.426 -13.599
C         24.897  12.431 -15.080
H         24.346  13.366 -15.193
H         25.660  12.367 -15.857
H         24.209  11.593 -15.202
C         26.555  13.524 -13.502
O         26.263  14.493 -12.801
N         27.723  13.432 -14.142
H         27.892  12.633 -14.737
C         28.756  14.468 -14.153
H         28.280  15.451 -14.157
C         29.603  14.334 -12.877
H         30.090  13.358 -12.852
H         30.362  15.115 -12.846
H         28.965  14.437 -11.997
C         29.627  14.350 -15.420
O         29.558  13.347 -16.129
N         30.458  15.366 -15.691
H         30.463  16.152 -15.060
C         31.366  15.394 -16.836
H         32.127  14.619 -16.722
H         30.810  15.198 -17.755
H         31.853  16.367 -16.913

