HF BASIS=3-21G MFCC DENSERMS=0.00001 NCYC=20 ENERGY

H    -1.056  -0.503   1.157
C    -0.475   0.408   1.021
H     0.121   0.598   1.912
H    -1.145   1.246   0.836
C     0.443   0.231  -0.166
O     0.441  -0.821  -0.791
N     1.229   1.261  -0.468
H     1.203   2.079   0.122
C     2.212   1.270  -1.551
H     2.620   0.265  -1.675
C     1.504   1.679  -2.852
H     1.092   2.685  -2.753
H     2.209   1.662  -3.684
H     0.695   0.980  -3.068
C     3.377   2.225  -1.229
O     3.277   3.054  -0.323
N     4.471   2.128  -1.989
H     4.475   1.464  -2.751
C     5.650   2.986  -1.874
H     5.342   3.985  -1.561
C     6.582   2.397  -0.803
H     6.907   1.398  -1.099
H     7.457   3.035  -0.676
H     6.055   2.334   0.151
C     6.370   3.109  -3.231
O     6.102   2.338  -4.153
N     7.299   4.061  -3.344
H     7.512   4.631  -2.537
C     8.126   4.290  -4.529
H     8.328   3.336  -5.019
C     7.348   5.191  -5.502
H     7.141   6.155  -5.034
H     7.931   5.353  -6.409
H     6.406   4.714  -5.775
C     9.475   4.925  -4.139
O     9.643   5.392  -3.012
N    10.424   4.963  -5.076
H    10.212   4.612  -6.000
C    11.741   5.580  -4.911
H    11.654   6.444  -4.251
C    12.684   4.553  -4.263
H    12.789   3.682  -4.912
H    13.666   4.997  -4.099
H    12.280   4.237  -3.300
C    12.289   6.065  -6.268
O    11.758   5.703  -7.318
N    13.361   6.867  -6.245
H    13.747   7.114  -5.347
C    14.007   7.402  -7.442
H    14.387   6.580  -8.053
H    13.282   7.965  -8.033
H    14.834   8.058  -7.167



